Date,Open,High,Low,Close,Adj Close,Volume
2013-11-07,45.099998,50.090000,44.000000,44.900002,44.900002,117701600
2013-11-08,45.930000,46.939999,40.689999,41.650002,41.650002,27925300
2013-11-11,40.500000,43.000000,39.400002,42.900002,42.900002,16113900
2013-11-12,43.660000,43.779999,41.830002,41.900002,41.900002,6316700
2013-11-13,41.029999,42.869999,40.759998,42.599998,42.599998,8688300
2013-11-14,42.340000,45.669998,42.240002,44.689999,44.689999,11099400
2013-11-15,45.250000,45.270000,43.430000,43.980000,43.980000,8010600
2013-11-18,43.500000,43.950001,40.849998,41.139999,41.139999,12810600
2013-11-19,41.389999,41.900002,40.000000,41.750000,41.750000,7436600
2013-11-20,41.400002,41.750000,40.509998,41.049999,41.049999,5767300
2013-11-21,41.250000,42.490002,40.369999,42.060001,42.060001,8324700
2013-11-22,41.810001,42.279999,40.970001,41.000000,41.000000,6185200
2013-11-25,41.080002,41.139999,38.799999,39.060001,39.060001,14333300
2013-11-26,39.160000,40.549999,38.919998,40.180000,40.180000,9828400
2013-11-27,40.470001,41.400002,40.349998,40.900002,40.900002,5536300
2013-11-29,41.400002,41.580002,40.900002,41.570000,41.570000,4107000
2013-12-02,41.790001,42.000000,40.400002,40.779999,40.779999,6424300
2013-12-03,40.689999,41.599998,40.540001,41.369999,41.369999,5771000
2013-12-04,41.270000,43.919998,41.270000,43.689999,43.689999,11014900
2013-12-05,43.450001,46.349998,42.830002,45.619999,45.619999,11729400
2013-12-06,45.750000,45.799999,44.540001,44.950001,44.950001,6230000
2013-12-09,45.590000,49.840000,45.020000,49.139999,49.139999,17366600
2013-12-10,48.900002,52.580002,48.700001,51.990002,51.990002,25792000
2013-12-11,52.400002,53.869999,51.000000,52.340000,52.340000,26631500
2013-12-12,52.200001,55.869999,50.689999,55.330002,55.330002,23446900
2013-12-13,56.200001,59.410000,55.450001,59.000000,59.000000,38979600
2013-12-16,57.860001,60.240002,55.759998,56.610001,56.610001,39310800
2013-12-17,56.970001,57.380001,54.619999,56.450001,56.450001,22115200
2013-12-18,57.000000,57.000000,54.230000,55.509998,55.509998,16659800
2013-12-19,55.080002,57.750000,55.000000,57.490002,57.490002,13152500
2013-12-20,58.509998,60.250000,58.009998,60.009998,60.009998,26207400
2013-12-23,59.849998,64.989998,59.700001,64.540001,64.540001,22163800
2013-12-24,66.339996,70.870003,65.559998,69.959999,69.959999,35802700
2013-12-26,72.879997,74.730003,69.129997,73.309998,73.309998,82761100
2013-12-27,70.099998,71.250000,63.689999,63.750000,63.750000,60418700
2013-12-30,60.270000,63.709999,58.570000,60.509998,60.509998,55538300
2013-12-31,62.360001,65.220001,61.650002,63.650002,63.650002,27814600
2014-01-02,65.000000,67.500000,64.400002,67.500000,67.500000,29246400
2014-01-03,69.000000,70.430000,68.430000,69.000000,69.000000,33207200
2014-01-06,64.830002,66.870003,63.500000,66.290001,66.290001,27243700
2014-01-07,67.669998,67.730003,61.389999,61.459999,61.459999,31748400
2014-01-08,58.709999,61.259998,57.919998,59.290001,59.290001,27263200
2014-01-09,59.540001,60.810001,55.590000,57.049999,57.049999,31092100
2014-01-10,57.500000,58.759998,55.869999,57.000000,57.000000,22375900
2014-01-13,59.980000,60.380001,57.290001,57.820000,57.820000,20978100
2014-01-14,58.880001,59.020000,57.360001,58.209999,58.209999,14778000
2014-01-15,59.110001,61.750000,58.320000,61.570000,61.570000,21537300
2014-01-16,61.450001,62.400002,60.459999,60.570000,60.570000,16589400
2014-01-17,63.599998,64.690002,61.590000,62.200001,62.200001,28391100
2014-01-21,63.330002,63.439999,61.500000,62.529999,62.529999,13733200
2014-01-22,63.110001,63.799999,61.759998,62.439999,62.439999,12039000
2014-01-23,61.450001,62.810001,60.880001,62.799999,62.799999,10183700
2014-01-24,62.169998,63.619999,61.299999,61.740002,61.740002,12942200
2014-01-27,61.770000,61.770000,56.099998,57.910000,57.910000,18982700
2014-01-28,57.439999,60.849998,57.349998,60.439999,60.439999,9346800
2014-01-29,59.619999,60.950001,58.599998,59.450001,59.450001,9140000
2014-01-30,63.980000,65.239998,62.799999,63.470001,63.470001,17424300
2014-01-31,63.389999,65.370003,62.650002,64.500000,64.500000,15498800
2014-02-03,65.919998,66.480003,64.209999,65.250000,65.250000,17890300
2014-02-04,66.250000,66.370003,64.500000,66.320000,66.320000,13017400
2014-02-05,67.160004,67.239998,64.800003,65.970001,65.970001,31504900
2014-02-06,50.610001,53.900002,49.990002,50.029999,50.029999,64856500
2014-02-07,51.230000,54.919998,50.750000,54.349998,54.349998,32204400
2014-02-10,54.500000,54.590000,52.340000,52.919998,52.919998,15857400
2014-02-11,53.200001,54.400002,53.099998,54.000000,54.000000,13162900
2014-02-12,55.049999,57.000000,54.759998,56.849998,56.849998,20040400
2014-02-13,56.070000,58.980000,55.459999,56.470001,56.470001,26009500
2014-02-14,57.020000,57.860001,56.700001,57.439999,57.439999,12512400
2014-02-18,57.880001,58.639999,56.770000,58.180000,58.180000,10719500
2014-02-19,58.470001,58.950001,54.619999,55.500000,55.500000,25772100
2014-02-20,55.820000,57.080002,54.650002,56.630001,56.630001,12097500
2014-02-21,57.099998,57.200001,55.700001,55.919998,55.919998,7714300
2014-02-24,56.029999,56.490002,55.299999,55.779999,55.779999,8451200
2014-02-25,55.889999,55.950001,54.500000,54.959999,54.959999,9288500
2014-02-26,55.000000,56.990002,54.900002,55.869999,55.869999,12116000
2014-02-27,56.340000,56.689999,55.400002,55.770000,55.770000,6537700
2014-02-28,55.930000,56.000000,54.130001,54.910000,54.910000,8137200
2014-03-03,53.889999,54.400002,52.900002,53.709999,53.709999,9602300
2014-03-04,54.250000,55.279999,54.119999,54.279999,54.279999,6706300
2014-03-05,54.529999,55.029999,53.750000,54.380001,54.380001,5672000
2014-03-06,54.910000,56.090000,54.700001,54.830002,54.830002,9005700
2014-03-07,55.180000,55.200001,53.310001,53.529999,53.529999,7311500
2014-03-10,54.090000,54.590000,53.380001,53.880001,53.880001,5759600
2014-03-11,54.160000,55.840000,53.799999,54.020000,54.020000,11762600
2014-03-12,54.250000,55.299999,53.880001,54.500000,54.500000,5818400
2014-03-13,54.900002,55.450001,53.200001,53.570000,53.570000,7671500
2014-03-14,53.400002,53.910000,51.799999,51.919998,51.919998,9570400
2014-03-17,52.080002,52.490002,51.349998,52.049999,52.049999,6600900
2014-03-18,52.029999,52.209999,50.290001,51.130001,51.130001,12228900
2014-03-19,50.799999,51.980000,50.709999,51.240002,51.240002,7624200
2014-03-20,51.000000,51.660000,49.639999,50.119999,50.119999,10086200
2014-03-21,50.240002,50.919998,49.509998,50.919998,50.919998,11801400
2014-03-24,50.689999,50.939999,47.770000,48.770000,48.770000,12325700
2014-03-25,49.349998,49.700001,47.580002,47.880001,47.880001,8225600
2014-03-26,48.060001,48.299999,44.250000,44.430000,44.430000,16079700
2014-03-27,45.090000,46.400002,43.310001,46.320000,46.320000,15507600
2014-03-28,46.650002,47.340000,45.700001,47.299999,47.299999,9610500
2014-03-31,47.549999,47.750000,46.430000,46.669998,46.669998,5794500
2014-04-01,46.709999,47.590000,46.180000,46.980000,46.980000,6916100
2014-04-02,47.400002,47.439999,45.509998,45.730000,45.730000,7911300
2014-04-03,45.480000,45.610001,43.380001,44.049999,44.049999,11175800
2014-04-04,44.200001,44.869999,42.369999,43.139999,43.139999,13824400
2014-04-07,42.869999,44.599998,42.259998,42.450001,42.450001,12053000
2014-04-08,43.419998,43.419998,41.549999,41.779999,41.779999,14514500
2014-04-09,42.230000,43.060001,41.770000,42.490002,42.490002,14330700
2014-04-10,42.849998,43.250000,40.930000,41.340000,41.340000,10720900
2014-04-11,40.790001,41.099998,39.680000,40.049999,40.049999,9999700
2014-04-14,41.400002,41.950001,40.119999,40.869999,40.869999,10414200
2014-04-15,41.279999,45.549999,40.759998,45.520000,45.520000,24285100
2014-04-16,45.419998,45.560001,43.540001,44.419998,44.419998,13919600
2014-04-17,44.660000,46.549999,43.910000,45.009998,45.009998,12304400
2014-04-21,44.959999,46.299999,44.639999,46.130001,46.130001,6921200
2014-04-22,46.230000,47.090000,45.799999,46.020000,46.020000,6996900
2014-04-23,45.880001,46.169998,44.869999,45.950001,45.950001,7340200
2014-04-24,46.709999,46.790001,43.630001,44.820000,44.820000,11011700
2014-04-25,44.290001,44.439999,41.310001,41.610001,41.610001,13712400
2014-04-28,41.759998,42.349998,39.299999,40.730000,40.730000,14358900
2014-04-29,40.529999,43.970001,40.169998,42.619999,42.619999,28127700
2014-04-30,37.660000,38.980000,37.240002,38.970001,38.970001,38397900
2014-05-01,39.009998,40.770000,38.970001,39.090000,39.090000,15759800
2014-05-02,39.200001,39.860001,38.700001,39.020000,39.020000,12729500
2014-05-05,38.520000,39.599998,38.049999,38.750000,38.750000,10405200
2014-05-06,35.610001,36.099998,31.719999,31.850000,31.850000,134710000
2014-05-07,31.969999,32.000000,29.510000,30.660000,30.660000,68876300
2014-05-08,31.480000,32.980000,31.129999,31.959999,31.959999,51282800
2014-05-09,32.230000,33.110001,31.750000,32.049999,32.049999,31888800
2014-05-12,33.080002,34.099998,32.400002,33.939999,33.939999,34712700
2014-05-13,33.840000,34.060001,32.889999,33.389999,33.389999,24676800
2014-05-14,33.349998,33.830002,32.619999,32.849998,32.849998,20029400
2014-05-15,33.020000,33.290001,32.160000,32.770000,32.770000,22030500
2014-05-16,32.950001,33.209999,32.020000,32.259998,32.259998,21391400
2014-05-19,32.049999,32.439999,31.639999,32.070000,32.070000,15952800
2014-05-20,32.000000,32.389999,31.520000,31.770000,31.770000,16580500
2014-05-21,31.850000,31.950001,31.150000,31.750000,31.750000,15562600
2014-05-22,31.330000,32.250000,30.520000,31.520000,31.520000,35566200
2014-05-23,31.510000,31.680000,30.450001,30.500000,30.500000,27448000
2014-05-27,30.940001,31.200001,30.379999,30.510000,30.510000,25240100
2014-05-28,31.500000,33.840000,31.090000,33.770000,33.770000,60302800
2014-05-29,34.669998,35.139999,33.880001,34.000000,34.000000,54016300
2014-05-30,33.730000,33.860001,32.110001,32.439999,32.439999,40566000
2014-06-02,32.889999,33.200001,31.620001,31.750000,31.750000,31209800
2014-06-03,31.730000,32.689999,31.650000,32.580002,32.580002,19934400
2014-06-04,32.490002,33.320000,31.850000,32.900002,32.900002,24863000
2014-06-05,33.669998,34.889999,33.110001,33.889999,33.889999,40904900
2014-06-06,34.139999,34.410000,33.220001,33.330002,33.330002,23353200
2014-06-09,33.240002,34.549999,33.090000,34.470001,34.470001,23397200
2014-06-10,34.730000,35.500000,34.660000,35.369999,35.369999,36572200
2014-06-11,35.070000,35.970001,34.930000,35.540001,35.540001,30021300
2014-06-12,35.060001,37.270000,35.060001,36.790001,36.790001,58146100
2014-06-13,36.849998,37.250000,35.900002,36.900002,36.900002,29129900
2014-06-16,36.700001,38.169998,36.439999,38.020000,38.020000,29889300
2014-06-17,38.029999,38.549999,37.299999,38.020000,38.020000,30321500
2014-06-18,38.160000,38.830002,37.750000,38.740002,38.740002,23707500
2014-06-19,38.730000,39.299999,38.320000,38.900002,38.900002,24648300
2014-06-20,38.820000,39.240002,37.770000,39.240002,39.240002,41501100
2014-06-23,39.070000,39.580002,38.730000,39.520000,39.520000,22591300
2014-06-24,39.439999,39.639999,38.259998,38.480000,38.480000,24477900
2014-06-25,38.240002,39.590000,38.009998,39.459999,39.459999,25457200
2014-06-26,40.049999,42.000000,39.810001,41.439999,41.439999,45348500
2014-06-27,40.700001,41.150002,40.110001,40.930000,40.930000,48253400
2014-06-30,40.810001,41.340000,40.349998,40.970001,40.970001,22747500
2014-07-01,42.060001,42.950001,41.910000,42.049999,42.049999,36019300
2014-07-02,42.830002,42.830002,41.419998,41.770000,41.770000,24377500
2014-07-03,41.939999,42.000000,40.830002,41.330002,41.330002,15795100
2014-07-07,41.080002,41.450001,40.139999,40.230000,40.230000,21454500
2014-07-08,39.959999,40.040001,36.840000,37.410000,37.410000,49952000
2014-07-09,37.820000,38.349998,37.349998,38.060001,38.060001,26838300
2014-07-10,36.490002,38.099998,36.110001,37.840000,37.840000,26549700
2014-07-11,38.150002,38.790001,38.000000,38.330002,38.330002,21084800
2014-07-14,38.570000,39.380001,38.200001,38.310001,38.310001,19705000
2014-07-15,38.590000,38.990002,37.619999,37.880001,37.880001,24630600
2014-07-16,38.310001,38.520000,37.099998,37.430000,37.430000,19687200
2014-07-17,36.799999,37.169998,36.380001,36.869999,36.869999,22631500
2014-07-18,36.810001,37.080002,35.950001,37.049999,37.049999,26435500
2014-07-21,37.230000,38.290001,36.849998,38.049999,38.049999,19685400
2014-07-22,38.310001,38.599998,37.450001,37.650002,37.650002,16837800
2014-07-23,37.650002,38.189999,37.560001,37.750000,37.750000,13220700
2014-07-24,38.709999,39.000000,37.849998,38.709999,38.709999,22105600
2014-07-25,38.200001,38.799999,38.020000,38.160000,38.160000,15980800
2014-07-28,38.299999,38.439999,37.560001,37.930000,37.930000,16781700
2014-07-29,38.110001,38.919998,37.990002,38.590000,38.590000,65338000
2014-07-30,47.009998,48.000000,45.650002,46.299999,46.299999,116195900
2014-07-31,44.619999,45.840000,44.299999,45.189999,45.189999,47170200
2014-08-01,45.009998,45.540001,43.810001,44.130001,44.130001,37194800
2014-08-04,43.700001,44.529999,43.439999,43.470001,43.470001,22425000
2014-08-05,43.250000,44.480000,43.020000,43.830002,43.830002,26404100
2014-08-06,43.389999,44.040001,42.750000,43.459999,43.459999,20355300
2014-08-07,43.369999,44.369999,42.889999,43.000000,43.000000,25389100
2014-08-08,43.020000,43.360001,42.509998,43.130001,43.130001,14967900
2014-08-11,43.480000,43.599998,42.709999,43.270000,43.270000,18420300
2014-08-12,44.380001,44.720001,43.610001,43.810001,43.810001,29582300
2014-08-13,44.119999,44.340000,43.619999,44.150002,44.150002,16180800
2014-08-14,44.400002,45.340000,44.040001,45.330002,45.330002,23638900
2014-08-15,45.470001,45.500000,44.439999,44.759998,44.759998,17776700
2014-08-18,45.060001,45.330002,44.770000,45.119999,45.119999,14835400
2014-08-19,45.240002,45.450001,45.029999,45.090000,45.090000,11903400
2014-08-20,44.930000,45.209999,44.759998,45.060001,45.060001,10383200
2014-08-21,45.290001,45.349998,44.840000,45.110001,45.110001,10619300
2014-08-22,45.040001,46.139999,44.799999,45.980000,45.980000,19429800
2014-08-25,46.220001,46.360001,45.700001,46.099998,46.099998,17583500
2014-08-26,46.099998,48.200001,46.040001,48.169998,48.169998,27716200
2014-08-27,48.240002,48.459999,47.180000,48.060001,48.060001,26127600
2014-08-28,47.980000,49.880001,47.860001,49.430000,49.430000,35076300
2014-08-29,49.889999,50.349998,49.130001,49.750000,49.750000,31926900
2014-09-02,50.020000,51.340000,49.900002,51.020000,51.020000,28267200
2014-09-03,51.830002,51.849998,49.049999,49.330002,49.330002,34411200
2014-09-04,49.689999,50.860001,49.220001,50.240002,50.240002,24413100
2014-09-05,50.090000,50.880001,49.520000,50.700001,50.700001,20251400
2014-09-08,51.799999,52.680000,51.680000,52.000000,52.000000,30836400
2014-09-09,52.230000,52.400002,50.220001,50.610001,50.610001,25034400
2014-09-10,52.110001,53.330002,51.849998,52.910000,52.910000,38057700
2014-09-11,52.549999,53.639999,52.180000,52.639999,52.639999,38055400
2014-09-12,52.549999,52.820000,52.020000,52.110001,52.110001,22913800
2014-09-15,51.599998,51.930000,47.560001,49.380001,49.380001,38374100
2014-09-16,48.700001,50.910000,48.400002,50.830002,50.830002,26744800
2014-09-17,50.970001,51.599998,50.160000,50.700001,50.700001,22874400
2014-09-18,50.970001,51.880001,50.529999,50.880001,50.880001,22484800
2014-09-19,50.779999,53.000000,50.180000,53.000000,53.000000,38192600
2014-09-22,52.380001,52.900002,51.360001,51.939999,51.939999,21744400
2014-09-23,51.459999,52.560001,51.020000,52.169998,52.169998,19990500
2014-09-24,52.549999,53.340000,52.130001,52.959999,52.959999,17656100
2014-09-25,52.709999,53.230000,51.270000,51.450001,51.450001,21071500
2014-09-26,51.970001,52.610001,51.700001,51.889999,51.889999,14125300
2014-09-29,51.090000,52.180000,50.880001,51.740002,51.740002,15404300
2014-09-30,52.000000,52.189999,51.169998,51.580002,51.580002,12315700
2014-10-01,51.080002,51.290001,49.150002,50.060001,50.060001,24733500
2014-10-02,51.029999,52.099998,50.009998,51.849998,51.849998,27056500
2014-10-03,52.750000,54.730000,52.110001,53.939999,53.939999,31227200
2014-10-06,53.939999,54.450001,53.230000,53.490002,53.490002,20033400
2014-10-07,53.119999,54.990002,53.099998,53.529999,53.529999,26082300
2014-10-08,53.619999,55.669998,52.599998,55.419998,55.419998,31098500
2014-10-09,55.290001,55.990002,54.919998,55.290001,55.290001,29741400
2014-10-10,54.570000,55.660000,50.299999,50.400002,50.400002,46727300
2014-10-13,50.540001,51.910000,48.259998,48.490002,48.490002,35326800
2014-10-14,49.060001,49.529999,47.080002,48.580002,48.580002,29723600
2014-10-15,47.110001,50.520000,46.380001,49.990002,49.990002,34371500
2014-10-16,48.340000,49.820000,47.169998,48.230000,48.230000,30818800
2014-10-17,49.720001,50.250000,48.650002,48.770000,48.770000,24630600
2014-10-20,49.070000,50.889999,48.799999,50.700001,50.700001,17781100
2014-10-21,51.759998,52.150002,50.299999,50.630001,50.630001,21351000
2014-10-22,51.130001,51.840000,49.000000,49.080002,49.080002,26147900
2014-10-23,50.130001,50.400002,49.200001,49.669998,49.669998,23099800
2014-10-24,50.160000,50.189999,49.150002,49.950001,49.950001,12035200
2014-10-27,50.020000,50.240002,47.180000,48.560001,48.560001,51896300
2014-10-28,42.250000,44.580002,41.759998,43.779999,43.779999,83514000
2014-10-29,43.849998,44.160000,41.810001,42.080002,42.080002,40261900
2014-10-30,41.560001,42.480000,39.939999,41.799999,41.799999,42012600
2014-10-31,42.689999,42.849998,41.340000,41.470001,41.470001,23895100
2014-11-03,40.549999,41.200001,40.160000,40.209999,40.209999,31441900
2014-11-04,40.029999,41.099998,39.750000,40.900002,40.900002,19544300
2014-11-05,41.689999,41.799999,40.130001,40.369999,40.369999,19742200
2014-11-06,40.189999,41.349998,40.099998,40.840000,40.840000,16292100
2014-11-07,40.740002,40.740002,39.700001,40.310001,40.310001,18558900
2014-11-10,40.340000,40.689999,39.419998,39.590000,39.590000,19069300
2014-11-11,39.310001,39.840000,38.810001,39.590000,39.590000,19176600
2014-11-12,39.939999,42.939999,39.599998,42.540001,42.540001,51814100
2014-11-13,43.549999,43.950001,39.950001,40.040001,40.040001,67287400
2014-11-14,40.020000,41.849998,39.770000,41.849998,41.849998,33059800
2014-11-17,41.459999,41.680000,40.410000,40.470001,40.470001,20665200
2014-11-18,40.689999,41.169998,39.950001,40.610001,40.610001,18605000
2014-11-19,40.349998,40.470001,39.209999,39.709999,39.709999,19050100
2014-11-20,39.490002,40.549999,39.320000,39.810001,39.810001,13717100
2014-11-21,40.250000,40.279999,39.799999,40.029999,40.029999,12066600
2014-11-24,39.990002,40.470001,39.580002,40.189999,40.189999,15176000
2014-11-25,40.119999,40.299999,39.560001,39.759998,39.759998,16165100
2014-11-26,39.830002,41.560001,39.740002,41.130001,41.130001,23773300
2014-11-28,41.090000,42.080002,40.830002,41.740002,41.740002,11113900
2014-12-01,41.290001,41.290001,39.000000,39.040001,39.040001,22214000
2014-12-02,39.400002,39.400002,38.330002,38.910000,38.910000,16430300
2014-12-03,39.000000,39.419998,38.380001,39.060001,39.060001,13241300
2014-12-04,38.799999,39.660000,38.619999,38.790001,38.790001,13012200
2014-12-05,38.970001,39.070000,38.349998,38.490002,38.490002,12587700
2014-12-08,38.080002,38.119999,35.750000,36.290001,36.290001,30112800
2014-12-09,34.970001,37.090000,34.619999,37.049999,37.049999,20542800
2014-12-10,36.910000,37.779999,36.250000,36.349998,36.349998,16497700
2014-12-11,36.450001,37.230000,36.250000,36.700001,36.700001,15707100
2014-12-12,36.310001,37.709999,36.099998,37.099998,37.099998,15222500
2014-12-15,38.130001,38.380001,36.730000,36.849998,36.849998,16833000
2014-12-16,36.500000,36.709999,35.090000,35.130001,35.130001,19241200
2014-12-17,35.560001,35.900002,34.950001,35.570000,35.570000,18544800
2014-12-18,36.130001,37.270000,35.950001,36.730000,36.730000,19087500
2014-12-19,36.700001,37.450001,36.500000,37.080002,37.080002,16068700
2014-12-22,37.500000,38.820000,37.310001,38.430000,38.430000,20079000
2014-12-23,38.580002,39.250000,37.459999,37.570000,37.570000,16858000
2014-12-24,37.669998,38.349998,37.560001,37.610001,37.610001,6254200
2014-12-26,37.759998,38.099998,37.540001,37.599998,37.599998,7324000
2014-12-29,37.389999,37.509998,36.380001,36.419998,36.419998,13565400
2014-12-30,36.020000,36.240002,35.459999,35.860001,35.860001,19494600
2014-12-31,35.889999,36.490002,35.470001,35.869999,35.869999,17629400
2015-01-02,36.230000,36.740002,35.540001,36.560001,36.560001,12062500
2015-01-05,36.259998,37.110001,35.639999,36.380001,36.380001,15062700
2015-01-06,36.270000,39.450001,36.040001,38.759998,38.759998,33050800
2015-01-07,39.099998,39.099998,37.060001,37.279999,37.279999,22675700
2015-01-08,37.419998,39.189999,37.090000,39.090000,39.090000,19190400
2015-01-09,39.220001,40.340000,38.259998,40.169998,40.169998,24738400
2015-01-12,40.279999,40.950001,39.299999,39.369999,39.369999,27639000
2015-01-13,39.740002,40.349998,39.230000,39.650002,39.650002,18395500
2015-01-14,38.889999,40.180000,38.799999,39.849998,39.849998,16054700
2015-01-15,39.700001,39.700001,36.860001,36.930000,36.930000,23042000
2015-01-16,37.180000,38.130001,36.849998,37.310001,37.310001,14966100
2015-01-20,37.590000,38.139999,36.540001,37.570000,37.570000,17641700
2015-01-21,37.650002,38.270000,37.330002,37.830002,37.830002,12181300
2015-01-22,37.980000,39.250000,37.549999,39.070000,39.070000,20451700
2015-01-23,39.480000,39.970001,38.779999,39.419998,39.419998,16439200
2015-01-26,39.330002,40.130001,39.040001,40.099998,40.099998,13838200
2015-01-27,39.560001,39.610001,38.380001,38.919998,38.919998,15746400
2015-01-28,38.430000,38.779999,37.029999,37.150002,37.150002,22367600
2015-01-29,37.389999,37.570000,36.070000,36.680000,36.680000,20088500
2015-01-30,36.650002,38.150002,36.410000,37.529999,37.529999,15390200
2015-02-02,37.700001,38.070000,36.919998,37.459999,37.459999,13895900
2015-02-03,38.000000,40.189999,37.689999,39.790001,39.790001,28395400
2015-02-04,40.049999,40.830002,39.820000,40.720001,40.720001,23116800
2015-02-05,42.040001,42.470001,40.910000,41.259998,41.259998,61997300
2015-02-06,46.119999,48.500000,45.799999,48.009998,48.009998,102973000
2015-02-09,46.730000,47.689999,46.500000,47.320000,47.320000,36177900
2015-02-10,47.349998,47.389999,45.570000,46.259998,46.259998,32287800
2015-02-11,46.270000,47.779999,46.110001,47.500000,47.500000,24747000
2015-02-12,47.980000,48.450001,46.880001,47.950001,47.950001,23071600
2015-02-13,47.930000,48.820000,47.570000,48.500000,48.500000,20809600
2015-02-17,48.200001,49.090000,47.889999,48.029999,48.029999,16670200
2015-02-18,48.000000,48.790001,47.360001,47.820000,47.820000,15503100
2015-02-19,47.840000,48.939999,47.419998,48.700001,48.700001,18153400
2015-02-20,48.759998,49.880001,48.650002,49.110001,49.110001,20755600
2015-02-23,49.020000,49.240002,48.349998,48.470001,48.470001,12541400
2015-02-24,48.330002,49.299999,48.060001,48.689999,48.689999,11073700
2015-02-25,48.799999,49.180000,48.250000,48.549999,48.549999,11663200
2015-02-26,48.810001,50.009998,48.639999,49.410000,49.410000,22340900
2015-02-27,49.189999,49.900002,47.959999,48.080002,48.080002,15004500
2015-03-02,48.259998,48.299999,47.310001,48.150002,48.150002,13430900
2015-03-03,48.130001,48.799999,47.439999,47.709999,47.709999,16754400
2015-03-04,47.509998,47.849998,46.410000,47.570000,47.570000,14290100
2015-03-05,47.590000,48.430000,47.200001,47.349998,47.349998,13511900
2015-03-06,47.259998,48.070000,46.570000,46.750000,46.750000,11534900
2015-03-09,47.220001,48.080002,47.130001,47.590000,47.590000,13635900
2015-03-10,47.230000,47.259998,45.790001,45.840000,45.840000,17289900
2015-03-11,45.660000,46.740002,45.130001,46.270000,46.270000,12273800
2015-03-12,46.570000,47.320000,46.509998,47.070000,47.070000,12204800
2015-03-13,46.939999,47.720001,46.450001,46.660000,46.660000,13368100
2015-03-16,46.900002,47.070000,46.049999,46.430000,46.430000,10243200
2015-03-17,46.660000,47.290001,46.439999,46.930000,46.930000,13361300
2015-03-18,46.750000,47.389999,46.160000,47.200001,47.200001,13115400
2015-03-19,46.959999,48.150002,46.450001,47.930000,47.930000,15957100
2015-03-20,48.360001,49.150002,48.250000,48.439999,48.439999,18676500
2015-03-23,48.240002,49.250000,47.869999,48.459999,48.459999,16389800
2015-03-24,48.669998,51.790001,48.540001,51.470001,51.470001,38181800
2015-03-25,51.500000,51.869999,49.310001,49.500000,49.500000,31694600
2015-03-26,49.650002,50.900002,49.400002,49.919998,49.919998,24385800
2015-03-27,50.349998,50.889999,49.939999,50.009998,50.009998,14852400
2015-03-30,50.450001,50.709999,48.660000,49.889999,49.889999,20365400
2015-03-31,49.619999,51.240002,49.540001,50.080002,50.080002,23898400
2015-04-01,51.000000,51.689999,50.169998,50.470001,50.470001,24299200
2015-04-02,50.639999,50.950001,49.880001,50.419998,50.419998,13423900
2015-04-06,50.029999,51.160000,49.869999,50.840000,50.840000,14539700
2015-04-07,51.009998,53.279999,50.860001,52.869999,52.869999,37080800
2015-04-08,53.320000,53.490002,51.950001,52.299999,52.299999,22368900
2015-04-09,52.150002,52.990002,51.540001,52.169998,52.169998,17877700
2015-04-10,52.290001,52.450001,51.380001,51.939999,51.939999,13271200
2015-04-13,51.990002,52.290001,51.450001,51.619999,51.619999,12306500
2015-04-14,51.750000,51.810001,50.680000,51.200001,51.200001,12231600
2015-04-15,51.330002,51.869999,50.910000,51.299999,51.299999,13192100
2015-04-16,51.299999,52.340000,51.139999,52.029999,52.029999,14313300
2015-04-17,51.709999,52.160000,50.189999,50.660000,50.660000,16676900
2015-04-20,51.070000,51.480000,50.509998,51.400002,51.400002,11004500
2015-04-21,51.680000,51.849998,51.099998,51.320000,51.320000,8461300
2015-04-22,51.480000,52.090000,51.320000,51.730000,51.730000,11479500
2015-04-23,51.869999,52.200001,51.220001,51.410000,51.410000,11490400
2015-04-24,51.849998,51.959999,50.240002,50.820000,50.820000,14896900
2015-04-27,50.840000,52.540001,50.820000,51.660000,51.660000,23991900
2015-04-28,52.160000,52.220001,38.380001,42.270000,42.270000,77336600
2015-04-29,40.209999,41.090000,38.070000,38.490002,38.490002,120488600
2015-04-30,39.279999,39.740002,38.480000,38.959999,38.959999,46651500
2015-05-01,39.189999,39.240002,37.369999,37.840000,37.840000,37785500
2015-05-04,38.720001,38.959999,37.549999,37.880001,37.880001,27622500
2015-05-05,38.000000,38.610001,37.360001,37.419998,37.419998,22605000
2015-05-06,37.689999,37.779999,36.520000,37.259998,37.259998,29107900
2015-05-07,37.240002,37.880001,36.950001,37.709999,37.709999,21258800
2015-05-08,38.020000,38.200001,37.549999,37.590000,37.590000,14395800
2015-05-11,37.580002,37.860001,37.200001,37.310001,37.310001,12329500
2015-05-12,37.290001,37.799999,37.060001,37.480000,37.480000,11792900
2015-05-13,37.660000,38.200001,37.529999,37.720001,37.720001,14075300
2015-05-14,37.930000,38.090000,37.270000,37.330002,37.330002,14259600
2015-05-15,37.360001,37.799999,37.000000,37.099998,37.099998,16799100
2015-05-18,37.099998,37.570000,36.900002,37.279999,37.279999,11237300
2015-05-19,37.139999,37.880001,36.900002,37.500000,37.500000,26942000
2015-05-20,37.490002,37.939999,36.540001,36.779999,36.779999,23404500
2015-05-21,36.810001,36.939999,36.389999,36.680000,36.680000,17447700
2015-05-22,36.700001,36.980000,36.570000,36.599998,36.599998,9861800
2015-05-26,36.669998,36.830002,36.369999,36.509998,36.509998,13068500
2015-05-27,36.500000,36.650002,36.099998,36.410000,36.410000,14463600
2015-05-28,36.490002,37.330002,36.369999,36.830002,36.830002,17912100
2015-05-29,37.049999,37.070000,36.529999,36.669998,36.669998,16849100
2015-06-01,36.689999,36.830002,36.430000,36.630001,36.630001,10008300
2015-06-02,36.450001,36.599998,36.160000,36.400002,36.400002,13128300
2015-06-03,36.509998,37.169998,36.480000,37.000000,37.000000,14023500
2015-06-04,37.169998,37.790001,36.509998,36.709999,36.709999,23762900
2015-06-05,36.790001,37.230000,36.650002,37.000000,37.000000,11854300
2015-06-08,36.910000,36.980000,36.410000,36.459999,36.459999,11767100
2015-06-09,36.500000,36.500000,35.570000,35.880001,35.880001,14034500
2015-06-10,36.009998,36.169998,35.599998,35.849998,35.849998,12634800
2015-06-11,35.919998,36.169998,35.790001,35.840000,35.840000,20547000
2015-06-12,36.900002,37.250000,35.549999,35.900002,35.900002,60914400
2015-06-15,35.240002,35.259998,34.310001,34.669998,34.669998,32932100
2015-06-16,34.230000,35.200001,33.509998,34.820000,34.820000,49856100
2015-06-17,34.990002,35.119999,34.169998,34.689999,34.689999,27278500
2015-06-18,34.630001,35.040001,34.450001,34.660000,34.660000,19447100
2015-06-19,34.970001,36.279999,34.849998,35.860001,35.860001,33674900
2015-06-22,35.950001,36.000000,35.340000,35.549999,35.549999,21456400
2015-06-23,35.779999,36.200001,34.959999,35.369999,35.369999,25891400
2015-06-24,35.400002,35.750000,35.099998,35.169998,35.169998,13021000
2015-06-25,35.360001,35.360001,34.970001,35.169998,35.169998,10756800
2015-06-26,34.970001,35.330002,34.669998,35.259998,35.259998,17388000
2015-06-29,34.470001,35.090000,34.150002,34.209999,34.209999,25220700
2015-06-30,34.500000,36.419998,34.439999,36.220001,36.220001,25979100
2015-07-01,36.049999,36.110001,35.240002,35.400002,35.400002,23674600
2015-07-02,35.400002,35.970001,35.099998,35.720001,35.720001,17664000
2015-07-06,35.169998,35.689999,35.000000,35.430000,35.430000,11325400
2015-07-07,35.349998,35.720001,34.549999,35.520000,35.520000,14203200
2015-07-08,35.410000,36.049999,34.669998,34.759998,34.759998,15522300
2015-07-09,35.169998,35.430000,34.310001,34.360001,34.360001,14099300
2015-07-10,34.680000,35.119999,34.459999,34.910000,34.910000,10639700
2015-07-13,34.990002,36.139999,34.750000,35.779999,35.779999,17118200
2015-07-14,35.779999,38.820000,35.770000,36.720001,36.720001,50102500
2015-07-15,36.660000,37.090000,35.549999,35.660000,35.660000,18296800
2015-07-16,35.889999,36.450001,35.750000,36.099998,36.099998,11367700
2015-07-17,36.459999,36.660000,35.599998,35.669998,35.669998,12838500
2015-07-20,35.750000,35.990002,35.209999,35.810001,35.810001,9889700
2015-07-21,35.820000,36.750000,35.709999,36.630001,36.630001,12536200
2015-07-22,36.230000,36.369999,35.509998,36.090000,36.090000,11772300
2015-07-23,36.000000,36.730000,35.950001,36.189999,36.189999,10407800
2015-07-24,36.410000,36.410000,35.299999,35.419998,35.419998,13000800
2015-07-27,35.110001,35.150002,33.880001,34.700001,34.700001,24629100
2015-07-28,34.700001,36.669998,34.139999,36.540001,36.540001,57688600
2015-07-29,32.590000,33.240002,31.059999,31.240000,31.240000,92939900
2015-07-30,31.100000,31.830000,31.049999,31.469999,31.469999,29438800
2015-07-31,31.379999,31.620001,30.850000,31.010000,31.010000,18150300
2015-08-03,30.850000,31.090000,28.690001,29.270000,29.270000,46637100
2015-08-04,29.110001,29.900000,28.900000,29.340000,29.340000,21900300
2015-08-05,29.410000,29.500000,28.430000,28.480000,28.480000,21223300
2015-08-06,28.400000,28.430000,27.230000,27.540001,27.540001,27612200
2015-08-07,27.799999,27.900000,26.870001,27.040001,27.040001,18392600
2015-08-10,28.090000,29.629999,27.820000,29.500000,29.500000,42547100
2015-08-11,29.010000,29.889999,28.530001,29.620001,29.620001,27827600
2015-08-12,29.110001,29.500000,28.510000,29.389999,29.389999,18513100
2015-08-13,29.600000,29.600000,28.440001,28.540001,28.540001,15004000
2015-08-14,28.500000,29.270000,28.450001,29.059999,29.059999,16716300
2015-08-17,29.190001,29.340000,28.930000,29.059999,29.059999,9557300
2015-08-18,28.910000,29.000000,28.299999,28.299999,28.299999,9662800
2015-08-19,28.059999,28.090000,27.160000,27.610001,27.610001,19964000
2015-08-20,27.150000,27.480000,25.920000,26.000000,26.000000,25257800
2015-08-21,25.650000,26.740000,25.510000,25.870001,25.870001,23733200
2015-08-24,23.610001,26.230000,21.010000,25.170000,25.170000,30106400
2015-08-25,26.290001,26.330000,24.379999,24.379999,24.379999,19918700
2015-08-26,24.799999,25.290001,23.830000,25.030001,25.030001,20576600
2015-08-27,25.440001,26.799999,25.240000,26.459999,26.459999,22493000
2015-08-28,26.190001,26.930000,26.059999,26.830000,26.830000,12426200
2015-08-31,27.639999,28.490000,27.350000,27.790001,27.790001,30752000
2015-09-01,27.230000,28.120001,26.770000,27.030001,27.030001,21163500
2015-09-02,27.469999,27.830000,26.870001,27.820000,27.820000,14402000
2015-09-03,28.030001,29.000000,27.809999,28.299999,28.299999,21349200
2015-09-04,27.950001,28.549999,27.799999,28.150000,28.150000,13537900
2015-09-08,28.150000,28.200001,27.010000,27.180000,27.180000,19225500
2015-09-09,27.170000,27.850000,26.420000,27.180000,27.180000,19349900
2015-09-10,27.070000,27.830000,26.950001,27.709999,27.709999,11240300
2015-09-11,27.629999,27.650000,27.170000,27.389999,27.389999,8830100
2015-09-14,27.209999,27.549999,26.799999,26.900000,26.900000,11564000
2015-09-15,27.040001,27.549999,27.000000,27.170000,27.170000,10166700
2015-09-16,27.139999,28.000000,27.000000,27.750000,27.750000,13335400
2015-09-17,27.540001,27.930000,27.030001,27.410000,27.410000,13073200
2015-09-18,27.040001,28.250000,26.990000,27.959999,27.959999,17505300
2015-09-21,27.980000,28.090000,27.190001,27.379999,27.379999,10542000
2015-09-22,27.049999,27.480000,26.620001,26.830000,26.830000,13461300
2015-09-23,26.969999,27.280001,26.580000,26.790001,26.790001,10840000
2015-09-24,26.510000,26.639999,25.400000,26.600000,26.600000,21349400
2015-09-25,26.840000,26.910000,25.139999,25.290001,25.290001,14572000
2015-09-28,24.959999,25.610001,24.600000,25.260000,25.260000,17452800
2015-09-29,25.230000,25.760000,24.920000,25.590000,25.590000,13421600
2015-09-30,25.940001,27.330000,25.879999,26.940001,26.940001,25465000
2015-10-01,26.469999,26.840000,24.650000,24.680000,24.680000,30953500
2015-10-02,24.500000,26.480000,24.340000,26.309999,26.309999,23542300
2015-10-05,26.990000,28.250000,26.330000,28.150000,28.150000,31012900
2015-10-06,28.160000,28.400000,26.750000,27.620001,27.620001,31294500
2015-10-07,28.350000,29.950001,28.010000,29.830000,29.830000,34460700
2015-10-08,29.570000,31.500000,29.030001,30.320000,30.320000,36431800
2015-10-09,30.900000,31.410000,30.280001,30.850000,30.850000,27453600
2015-10-12,30.299999,30.770000,28.600000,28.750000,28.750000,30619500
2015-10-13,29.549999,30.680000,28.840000,29.059999,29.059999,45783200
2015-10-14,29.459999,29.820000,28.379999,29.379999,29.379999,27554400
2015-10-15,29.459999,30.280001,29.010000,29.709999,29.709999,15838900
2015-10-16,30.080000,31.400000,29.360001,31.150000,31.150000,44564000
2015-10-19,31.150000,31.600000,30.570000,30.910000,30.910000,23958100
2015-10-20,30.940001,31.389999,30.410000,30.910000,30.910000,15824400
2015-10-21,29.500000,29.660000,28.650000,29.299999,29.299999,30359000
2015-10-22,29.240000,29.799999,28.740000,29.150000,29.150000,17424000
2015-10-23,29.969999,30.719999,29.610001,30.280001,30.280001,19855700
2015-10-26,30.629999,31.219999,30.480000,30.889999,30.889999,16787000
2015-10-27,31.020000,31.870001,30.650000,31.340000,31.340000,44502900
2015-10-28,28.129999,31.340000,27.760000,30.870001,30.870001,88974900
2015-10-29,30.580000,30.700001,28.930000,29.059999,29.059999,33682800
2015-10-30,29.129999,29.570000,28.350000,28.459999,28.459999,21933100
2015-11-02,28.540001,29.290001,28.049999,29.200001,29.200001,18549700
2015-11-03,29.090000,29.629999,29.040001,29.129999,29.129999,16706000
2015-11-04,29.360001,30.150000,29.230000,29.360001,29.360001,18787000
2015-11-05,29.469999,29.549999,28.450001,28.660000,28.660000,15525300
2015-11-06,28.580000,28.700001,28.049999,28.280001,28.280001,13592100
2015-11-09,28.070000,28.209999,26.680000,27.090000,27.090000,25624300
2015-11-10,26.809999,27.170000,26.250000,27.049999,27.049999,16552100
2015-11-11,27.080000,27.139999,26.370001,26.500000,26.500000,12777200
2015-11-12,26.080000,26.610001,25.850000,26.129999,26.129999,12580200
2015-11-13,25.889999,26.160000,25.160000,25.180000,25.180000,14333800
2015-11-16,25.330000,25.780001,25.000000,25.410000,25.410000,12262800
2015-11-17,25.540001,25.690001,24.900000,25.230000,25.230000,13259000
2015-11-18,25.170000,26.090000,25.160000,25.900000,25.900000,13976000
2015-11-19,25.940001,26.580000,25.930000,26.320000,26.320000,14231900
2015-11-20,26.320000,26.700001,26.030001,26.270000,26.270000,10835300
2015-11-23,26.110001,26.270000,25.020000,25.200001,25.200001,18169900
2015-11-24,25.170000,25.549999,25.020000,25.520000,25.520000,10428500
2015-11-25,25.620001,26.410000,25.590000,26.059999,26.059999,13067000
2015-11-27,25.980000,26.070000,25.670000,25.750000,25.750000,4179400
2015-11-30,25.780001,25.820000,25.059999,25.400000,25.400000,17913600
2015-12-01,25.389999,25.580000,25.000000,25.530001,25.530001,14799300
2015-12-02,25.309999,25.719999,25.170000,25.400000,25.400000,11845600
2015-12-03,25.480000,26.059999,24.910000,25.900000,25.900000,23850700
2015-12-04,25.809999,25.850000,25.010000,25.020000,25.020000,16828200
2015-12-07,24.990000,25.160000,24.129999,24.459999,24.459999,16872100
2015-12-08,24.040001,25.100000,23.540001,24.990000,24.990000,23621800
2015-12-09,24.980000,24.980000,24.190001,24.309999,24.309999,14683700
2015-12-10,24.360001,26.250000,24.340000,25.910000,25.910000,28323900
2015-12-11,25.910000,26.200001,24.799999,24.840000,24.840000,23061300
2015-12-14,24.680000,24.940001,23.700001,24.920000,24.920000,18108400
2015-12-15,24.520000,24.690001,23.700001,23.950001,23.950001,23106600
2015-12-16,23.959999,24.480000,23.799999,24.299999,24.299999,24063300
2015-12-17,24.469999,24.750000,23.290001,23.309999,23.309999,17879200
2015-12-18,23.350000,23.440001,22.660000,22.990000,22.990000,23066200
2015-12-21,23.020000,23.040001,21.990000,22.139999,22.139999,22910600
2015-12-22,22.260000,22.670000,22.090000,22.559999,22.559999,13696200
2015-12-23,22.680000,22.950001,22.370001,22.670000,22.670000,13167600
2015-12-24,22.700001,23.059999,22.549999,22.969999,22.969999,7910500
2015-12-28,22.900000,23.320000,22.500000,22.530001,22.530001,13746500
2015-12-29,22.629999,22.820000,22.309999,22.469999,22.469999,11211100
2015-12-30,22.450001,22.940001,22.209999,22.230000,22.230000,15323700
2015-12-31,22.170000,23.280001,22.150000,23.139999,23.139999,19479400
2016-01-04,22.639999,22.840000,22.110001,22.559999,22.559999,15325000
2016-01-05,22.790001,23.000000,21.850000,21.920000,21.920000,17077700
2016-01-06,21.620001,22.180000,21.180000,21.389999,21.389999,14033600
2016-01-07,21.000000,21.480000,20.200001,20.260000,20.260000,20759800
2016-01-08,20.510000,20.719999,19.600000,19.980000,19.980000,21832300
2016-01-11,20.120001,20.200001,19.260000,19.650000,19.650000,21342100
2016-01-12,19.870001,20.410000,19.320000,19.620001,19.620001,14601300
2016-01-13,19.700001,19.760000,18.469999,18.680000,18.680000,35876000
2016-01-14,18.549999,19.160000,17.270000,19.000000,19.000000,37117100
2016-01-15,18.230000,18.530001,17.610001,17.940001,17.940001,24600000
2016-01-19,18.180000,18.180000,16.430000,16.690001,16.690001,24284700
2016-01-20,16.160000,19.040001,15.480000,17.379999,17.379999,69194900
2016-01-21,17.440001,18.320000,16.799999,17.830000,17.830000,26342100
2016-01-22,18.290001,18.559999,17.730000,17.840000,17.840000,15622800
2016-01-25,16.799999,17.450001,16.510000,17.020000,17.020000,33661100
2016-01-26,17.219999,17.280001,16.400000,17.010000,17.010000,22146300
2016-01-27,17.010000,17.620001,16.770000,16.780001,16.780001,16826700
2016-01-28,17.209999,17.340000,16.450001,16.490000,16.490000,16835100
2016-01-29,16.639999,17.070000,16.510000,16.799999,16.799999,16882500
2016-02-01,17.889999,18.770000,17.299999,17.910000,17.910000,49994400
2016-02-02,17.219999,17.270000,16.010000,16.080000,16.080000,31835100
2016-02-03,16.330000,16.740000,15.550000,16.559999,16.559999,24312600
2016-02-04,16.400000,17.180000,16.290001,16.910000,16.910000,18291800
2016-02-05,16.610001,16.639999,15.620000,15.720000,15.720000,24130500
2016-02-08,15.510000,15.550000,14.730000,14.900000,14.900000,24962700
2016-02-09,14.620000,15.550000,14.310000,14.400000,14.400000,26824700
2016-02-10,14.550000,15.280000,14.520000,14.980000,14.980000,41086100
2016-02-11,14.070000,14.790000,13.910000,14.310000,14.310000,38657700
2016-02-12,14.540000,15.940000,14.530000,15.880000,15.880000,35703900
2016-02-16,16.090000,16.400000,15.670000,16.360001,16.360001,17286100
2016-02-17,16.469999,17.600000,16.430000,17.459999,17.459999,25837500
2016-02-18,18.100000,18.549999,17.520000,18.430000,18.430000,34586300
2016-02-19,18.160000,18.879999,17.770000,18.309999,18.309999,24004200
2016-02-22,18.620001,18.680000,17.760000,18.299999,18.299999,25021600
2016-02-23,18.559999,18.959999,18.100000,18.299999,18.299999,25768300
2016-02-24,18.000000,18.090000,17.110001,18.000000,18.000000,26694200
2016-02-25,17.930000,17.950001,17.309999,17.590000,17.590000,22364200
2016-02-26,17.719999,18.030001,17.500000,17.940001,17.940001,16344100
2016-02-29,17.959999,18.570000,17.780001,18.120001,18.120001,17398700
2016-03-01,18.469999,18.480000,17.590000,17.850000,17.850000,19333800
2016-03-02,17.850000,18.740000,17.719999,18.540001,18.540001,17218600
2016-03-03,18.530001,19.440001,18.480000,19.309999,19.309999,23247400
2016-03-04,19.450001,20.320000,19.059999,19.360001,19.360001,30105000
2016-03-07,19.110001,19.730000,18.770000,19.170000,19.170000,19750200
2016-03-08,19.100000,19.150000,18.330000,18.330000,18.330000,16402800
2016-03-09,18.610001,18.740000,17.520000,17.660000,17.660000,21555600
2016-03-10,17.690001,17.770000,16.379999,16.610001,16.610001,33207600
2016-03-11,16.770000,16.940001,16.459999,16.809999,16.809999,21494600
2016-03-14,16.809999,17.320000,16.790001,17.120001,17.120001,16524500
2016-03-15,17.000000,17.040001,16.139999,16.190001,16.190001,19717500
2016-03-16,16.330000,16.770000,16.129999,16.700001,16.700001,24783600
2016-03-17,16.650000,17.150000,16.620001,16.850000,16.850000,17061900
2016-03-18,17.080000,17.379999,16.760000,16.850000,16.850000,21159300
2016-03-21,16.830000,17.049999,16.680000,16.889999,16.889999,12560200
2016-03-22,16.750000,17.010000,16.700001,16.860001,16.860001,9566100
2016-03-23,16.860001,16.910000,16.010000,16.010000,16.010000,18009200
2016-03-24,15.940000,15.990000,15.570000,15.910000,15.910000,14902100
2016-03-28,15.980000,16.010000,15.400000,15.600000,15.600000,14147700
2016-03-29,15.690000,15.990000,15.330000,15.970000,15.970000,17020200
2016-03-30,16.160000,16.719999,16.010000,16.360001,16.360001,19380800
2016-03-31,16.400000,16.840000,16.209999,16.549999,16.549999,18894800
2016-04-01,16.410000,16.430000,15.830000,15.980000,15.980000,21009400
2016-04-04,16.000000,17.540001,15.960000,17.090000,17.090000,38258800
2016-04-05,17.590000,17.830000,16.889999,17.049999,17.049999,41742200
2016-04-06,17.120001,17.480000,16.900000,17.260000,17.260000,23135700
2016-04-07,16.879999,17.590000,16.850000,16.980000,16.980000,23324200
2016-04-08,17.120001,17.250000,16.410000,16.650000,16.650000,18684000
2016-04-11,16.740000,16.980000,16.410000,16.510000,16.510000,14205400
2016-04-12,16.500000,16.770000,16.150000,16.570000,16.570000,14938600
2016-04-13,16.680000,17.400000,16.680000,17.370001,17.370001,22648300
2016-04-14,17.379999,17.700001,17.139999,17.530001,17.530001,16225500
2016-04-15,17.520000,17.910000,17.309999,17.580000,17.580000,16350400
2016-04-18,17.709999,17.719999,17.059999,17.309999,17.309999,17313300
2016-04-19,17.370001,17.389999,16.680000,16.920000,16.920000,24789800
2016-04-20,16.940001,17.520000,16.900000,17.400000,17.400000,17775000
2016-04-21,17.480000,17.770000,17.420000,17.510000,17.510000,13616700
2016-04-22,17.330000,17.510000,17.020000,17.230000,17.230000,14878000
2016-04-25,17.200001,17.750000,16.879999,17.090000,17.090000,18992700
2016-04-26,17.209999,17.980000,17.080000,17.750000,17.750000,44649400
2016-04-27,15.150000,15.280000,14.810000,14.860000,14.860000,84880300
2016-04-28,14.850000,15.090000,14.620000,14.640000,14.640000,34792400
2016-04-29,14.700000,14.930000,14.320000,14.620000,14.620000,26882400
2016-05-02,14.730000,14.770000,14.170000,14.400000,14.400000,26129200
2016-05-03,14.220000,14.250000,13.900000,14.010000,14.010000,26044600
2016-05-04,13.950000,14.880000,13.920000,14.840000,14.840000,41693300
2016-05-05,14.930000,14.980000,14.080000,14.120000,14.120000,29135600
2016-05-06,14.120000,14.400000,13.980000,14.400000,14.400000,21219400
2016-05-09,14.280000,14.470000,14.150000,14.200000,14.200000,11481000
2016-05-10,14.170000,14.690000,14.160000,14.630000,14.630000,14597200
2016-05-11,14.610000,14.860000,14.440000,14.590000,14.590000,13790200
2016-05-12,14.630000,14.680000,14.000000,14.080000,14.080000,19863300
2016-05-13,14.060000,14.280000,14.000000,14.100000,14.100000,12711600
2016-05-16,14.090000,14.370000,14.060000,14.290000,14.290000,11578600
2016-05-17,14.210000,14.590000,14.130000,14.340000,14.340000,15580900
2016-05-18,14.350000,14.570000,14.050000,14.140000,14.140000,14290100
2016-05-19,14.150000,14.310000,14.040000,14.150000,14.150000,15882200
2016-05-20,14.200000,14.510000,14.160000,14.430000,14.430000,18497400
2016-05-23,14.400000,14.600000,14.330000,14.410000,14.410000,12933400
2016-05-24,14.220000,14.220000,13.730000,14.030000,14.030000,36233900
2016-05-25,14.070000,14.570000,14.060000,14.410000,14.410000,23176700
2016-05-26,14.450000,14.480000,14.190000,14.300000,14.300000,21131600
2016-05-27,14.250000,15.100000,14.230000,15.100000,15.100000,28360000
2016-05-31,15.120000,15.490000,15.080000,15.220000,15.220000,24296600
2016-06-01,15.220000,15.220000,14.620000,15.020000,15.020000,18249900
2016-06-02,15.040000,15.260000,14.850000,15.200000,15.200000,13186100
2016-06-03,15.110000,15.350000,14.960000,15.200000,15.200000,15496600
2016-06-06,15.220000,15.450000,15.180000,15.270000,15.270000,13768500
2016-06-07,15.360000,15.370000,14.910000,15.000000,15.000000,16518000
2016-06-08,15.070000,15.120000,14.810000,14.950000,14.950000,12991000
2016-06-09,14.840000,14.860000,14.590000,14.600000,14.600000,12398100
2016-06-10,14.450000,14.450000,14.000000,14.020000,14.020000,22092800
2016-06-13,14.630000,15.300000,14.510000,14.550000,14.550000,43160900
2016-06-14,14.820000,15.420000,14.800000,15.360000,15.360000,37395700
2016-06-15,15.710000,16.440001,15.710000,15.960000,15.960000,53535200
2016-06-16,15.900000,15.950000,15.400000,15.870000,15.870000,23618700
2016-06-17,16.160000,16.370001,15.960000,16.100000,16.100000,32254100
2016-06-20,16.340000,16.639999,16.150000,16.340000,16.340000,22876100
2016-06-21,16.480000,16.559999,16.170000,16.320000,16.320000,15086500
2016-06-22,16.270000,16.320000,16.049999,16.129999,16.129999,13791500
2016-06-23,16.299999,17.070000,16.280001,17.040001,17.040001,25373100
2016-06-24,16.240000,16.900000,16.200001,16.440001,16.440001,31560100
2016-06-27,16.290001,16.400000,15.460000,15.840000,15.840000,23461800
2016-06-28,16.240000,16.639999,16.160000,16.420000,16.420000,18717300
2016-06-29,16.600000,17.010000,16.430000,16.830000,16.830000,18236000
2016-06-30,16.799999,17.000000,16.730000,16.910000,16.910000,14111000
2016-07-01,16.930000,17.500000,16.900000,17.280001,17.280001,20744500
2016-07-05,17.250000,17.280001,16.760000,17.139999,17.139999,15718000
2016-07-06,17.020000,17.340000,16.809999,17.200001,17.200001,15665700
2016-07-07,17.240000,17.680000,17.240000,17.370001,17.370001,13492900
2016-07-08,17.530001,18.160000,17.469999,18.080000,18.080000,24884000
2016-07-11,17.590000,17.879999,17.520000,17.709999,17.709999,24041900
2016-07-12,17.980000,18.379999,17.920000,18.100000,18.100000,23816200
2016-07-13,18.209999,18.320000,17.500000,17.740000,17.740000,17931900
2016-07-14,18.020000,18.280001,17.910000,17.959999,17.959999,19585300
2016-07-15,17.980000,18.180000,17.809999,18.080000,18.080000,17371200
2016-07-18,18.290001,18.750000,18.049999,18.650000,18.650000,29731200
2016-07-19,18.510000,18.900000,18.270000,18.330000,18.330000,27283400
2016-07-20,18.520000,18.760000,18.450001,18.559999,18.559999,15029200
2016-07-21,18.570000,18.799999,18.350000,18.389999,18.389999,13907800
2016-07-22,18.120001,18.389999,17.760000,18.370001,18.370001,19639500
2016-07-25,18.430000,18.700001,18.170000,18.650000,18.650000,21485300
2016-07-26,18.520000,18.650000,18.160000,18.450001,18.450001,44132800
2016-07-27,16.340000,16.590000,15.690000,15.770000,15.770000,83161900
2016-07-28,15.890000,16.340000,15.880000,16.309999,16.309999,31442400
2016-07-29,16.389999,16.740000,16.240000,16.639999,16.639999,26057200
2016-08-01,16.650000,16.850000,16.400000,16.639999,16.639999,26053200
2016-08-02,16.610001,16.700001,16.200001,16.420000,16.420000,16611300
2016-08-03,16.340000,17.879999,16.330000,17.610001,17.610001,55611400
2016-08-04,17.570000,18.309999,17.360001,18.129999,18.129999,33119100
2016-08-05,18.190001,18.580000,18.139999,18.260000,18.260000,22811700
2016-08-08,18.250000,18.480000,17.930000,18.200001,18.200001,15502800
2016-08-09,18.170000,18.790001,17.969999,18.680000,18.680000,19311400
2016-08-10,18.670000,19.570000,18.559999,19.040001,19.040001,28645000
2016-08-11,19.170000,19.830000,19.110001,19.780001,19.780001,30959500
2016-08-12,19.709999,19.709999,19.010000,19.540001,19.540001,28403200
2016-08-15,19.850000,21.100000,19.830000,20.860001,20.860001,58856800
2016-08-16,20.780001,20.790001,20.290001,20.400000,20.400000,23527700
2016-08-17,20.430000,20.440001,19.900000,20.170000,20.170000,22762800
2016-08-18,19.559999,19.600000,18.920000,19.000000,19.000000,47582500
2016-08-19,18.959999,19.309999,18.760000,18.980000,18.980000,17026100
2016-08-22,18.950001,18.959999,18.520000,18.549999,18.549999,17497600
2016-08-23,18.650000,18.930000,18.650000,18.690001,18.690001,14089300
2016-08-24,18.799999,18.969999,18.200001,18.250000,18.250000,16788800
2016-08-25,18.330000,18.650000,18.230000,18.320000,18.320000,13276500
2016-08-26,18.400000,18.530001,18.100000,18.299999,18.299999,11225900
2016-08-29,18.389999,18.549999,18.299999,18.469999,18.469999,11417400
2016-08-30,18.590000,18.690001,18.320000,18.379999,18.379999,8908400
2016-08-31,18.389999,19.600000,18.379999,19.209999,19.209999,34222600
2016-09-01,19.370001,20.139999,19.270000,19.500000,19.500000,39755900
2016-09-02,19.620001,19.870001,19.350000,19.549999,19.549999,19891600
2016-09-06,19.740000,20.139999,19.480000,19.930000,19.930000,24174800
2016-09-07,20.049999,20.650000,19.799999,19.870001,19.870001,26593100
2016-09-08,18.809999,19.309999,18.590000,18.700001,18.700001,45229500
2016-09-09,18.400000,18.820000,17.920000,18.110001,18.110001,30859200
2016-09-12,17.959999,18.240000,17.680000,18.150000,18.150000,18286500
2016-09-13,17.990000,18.100000,17.520000,17.760000,17.760000,15890000
2016-09-14,17.930000,18.389999,17.900000,18.080000,18.080000,16142100
2016-09-15,18.299999,18.420000,18.059999,18.299999,18.299999,14452700
2016-09-16,18.900000,19.250000,18.740000,19.110001,19.110001,40346700
2016-09-19,19.219999,19.240000,18.280001,18.360001,18.360001,23409700
2016-09-20,18.299999,18.639999,18.230000,18.389999,18.389999,15910300
2016-09-21,18.440001,18.500000,18.129999,18.490000,18.490000,16211500
2016-09-22,18.520000,18.920000,18.440001,18.629999,18.629999,16321100
2016-09-23,21.500000,22.889999,21.110001,22.620001,22.620001,192415300
2016-09-26,21.790001,23.570000,21.650000,23.370001,23.370001,95403500
2016-09-27,23.209999,23.980000,22.900000,23.719999,23.719999,65489500
2016-09-28,23.420000,23.629999,22.440001,22.959999,22.959999,44513700
2016-09-29,22.920000,23.360001,22.860001,23.010000,23.010000,26459800
2016-09-30,23.020000,23.250000,22.820000,23.049999,23.049999,17425200
2016-10-03,23.780001,24.250000,23.459999,24.000000,24.000000,37555700
2016-10-04,23.750000,23.790001,23.340000,23.520000,23.520000,22230700
2016-10-05,24.320000,25.250000,24.129999,24.870001,24.870001,63716800
2016-10-06,20.459999,21.000000,19.600000,19.870001,19.870001,109388200
2016-10-07,19.950001,20.530001,19.650000,19.850000,19.850000,38675700
2016-10-10,17.490000,18.240000,16.930000,17.559999,17.559999,105887300
2016-10-11,18.180000,18.200001,17.650000,18.000000,18.000000,49156900
2016-10-12,18.190001,18.190001,17.809999,18.049999,18.049999,23535100
2016-10-13,17.860001,17.990000,17.670000,17.790001,17.790001,18688300
2016-10-14,17.879999,18.049999,16.280001,16.879999,16.879999,73675300
2016-10-17,16.760000,16.980000,16.430000,16.730000,16.730000,25800600
2016-10-18,16.860001,17.129999,16.790001,16.830000,16.830000,18479800
2016-10-19,16.940001,17.260000,16.879999,17.070000,17.070000,17392400
2016-10-20,17.040001,17.070000,16.820000,16.900000,16.900000,15124000
2016-10-21,16.950001,18.350000,16.740000,18.090000,18.090000,58503900
2016-10-24,17.600000,18.370001,17.490000,18.030001,18.030001,41781100
2016-10-25,17.820000,17.840000,17.150000,17.260000,17.260000,32456200
2016-10-26,17.580000,17.660000,17.170000,17.290001,17.290001,35259300
2016-10-27,17.290001,18.120001,17.070000,17.400000,17.400000,63791900
2016-10-28,17.700001,18.000000,17.500000,17.660000,17.660000,29383300
2016-10-31,17.650000,18.040001,17.639999,17.950001,17.950001,19530500
2016-11-01,17.840000,18.000000,17.260000,17.490000,17.490000,22624800
2016-11-02,17.430000,17.950001,17.379999,17.610001,17.610001,20762800
2016-11-03,17.549999,17.860001,17.260000,17.580000,17.580000,17084600
2016-11-04,17.520000,18.340000,17.500000,18.020000,18.020000,30988700
2016-11-07,18.110001,18.690001,18.110001,18.410000,18.410000,26006200
2016-11-08,18.219999,18.559999,17.770000,18.379999,18.379999,19987500
2016-11-09,17.959999,19.240000,17.910000,19.129999,19.129999,34170200
2016-11-10,19.040001,19.299999,18.030001,18.370001,18.370001,31099100
2016-11-11,18.350000,18.730000,18.070000,18.549999,18.549999,15363800
2016-11-14,18.750000,19.200001,18.500000,19.139999,19.139999,23121300
2016-11-15,19.150000,19.510000,18.910000,18.980000,18.980000,19558000
2016-11-16,18.980000,19.150000,18.590000,18.629999,18.629999,14993300
2016-11-17,18.700001,18.959999,18.530001,18.549999,18.549999,16255700
2016-11-18,18.730000,18.910000,18.639999,18.730000,18.730000,12503200
2016-11-21,18.719999,18.910000,18.590000,18.600000,18.600000,13095600
2016-11-22,18.660000,18.870001,18.510000,18.629999,18.629999,10693400
2016-11-23,18.450001,18.590000,18.080000,18.219999,18.219999,16965900
2016-11-25,18.270000,18.309999,18.030001,18.059999,18.059999,7862700
2016-11-28,18.000000,18.299999,17.850000,18.299999,18.299999,19281800
2016-11-29,18.219999,18.680000,18.129999,18.190001,18.190001,13549100
2016-11-30,18.200001,18.799999,18.180000,18.490000,18.490000,20605400
2016-12-01,18.820000,18.830000,17.740000,18.030001,18.030001,19613000
2016-12-02,18.000000,18.160000,17.860001,17.930000,17.930000,12208700
2016-12-05,17.959999,18.360001,17.870001,18.230000,18.230000,12121700
2016-12-06,18.309999,18.500000,18.129999,18.230000,18.230000,14033000
2016-12-07,18.260000,19.549999,18.200001,19.480000,19.480000,32188600
2016-12-08,19.500000,19.709999,19.080000,19.639999,19.639999,19698300
2016-12-09,19.559999,19.840000,19.379999,19.650000,19.650000,15956100
2016-12-12,19.480000,19.700001,18.900000,18.930000,18.930000,15612400
2016-12-13,18.969999,19.590000,18.940001,19.370001,19.370001,15132200
2016-12-14,19.400000,19.620001,18.889999,18.930000,18.930000,13468900
2016-12-15,18.940001,19.150000,18.709999,18.790001,18.790001,11957900
2016-12-16,18.760000,18.889999,18.530001,18.629999,18.629999,14241700
2016-12-19,18.600000,18.700001,18.219999,18.240000,18.240000,12251100
2016-12-20,18.230000,18.320000,17.870001,17.920000,17.920000,16801700
2016-12-21,17.520000,17.549999,17.010000,17.080000,17.080000,34613900
2016-12-22,16.820000,16.889999,16.270000,16.410000,16.410000,27951800
2016-12-23,16.340000,16.670000,16.160000,16.500000,16.500000,17971900
2016-12-27,16.520000,16.870001,16.420000,16.610001,16.610001,13040500
2016-12-28,16.629999,16.730000,16.290001,16.389999,16.389999,13509200
2016-12-29,16.389999,16.650000,16.299999,16.389999,16.389999,14697900
2016-12-30,16.309999,16.570000,16.219999,16.299999,16.299999,14014500
2017-01-03,16.309999,16.450001,16.209999,16.440001,16.440001,11147900
2017-01-04,16.500000,16.940001,16.500000,16.860001,16.860001,15861300
2017-01-05,16.910000,17.270000,16.799999,17.090000,17.090000,17074400
2017-01-06,17.240000,17.430000,17.110001,17.170000,17.170000,14665100
2017-01-09,17.219999,17.559999,17.190001,17.500000,17.500000,11918100
2017-01-10,17.510000,17.780001,17.320000,17.370001,17.370001,10472800
2017-01-11,17.459999,17.600000,17.170000,17.299999,17.299999,10981500
2017-01-12,17.129999,17.389999,16.959999,17.379999,17.379999,12375600
2017-01-13,17.379999,17.660000,17.230000,17.250000,17.250000,11401400
2017-01-17,17.070000,17.090000,16.860001,16.959999,16.959999,13151100
2017-01-18,17.010000,17.139999,16.830000,17.110001,17.110001,12715300
2017-01-19,17.090000,17.150000,16.750000,16.790001,16.790001,12735500
2017-01-20,16.820000,16.900000,16.459999,16.580000,16.580000,14844700
2017-01-23,16.570000,16.809999,16.459999,16.610001,16.610001,11791500
2017-01-24,16.610001,16.660000,16.330000,16.520000,16.520000,12737200
2017-01-25,16.700001,16.790001,16.590000,16.730000,16.730000,10969300
2017-01-26,16.860001,17.070000,16.790001,16.809999,16.809999,10092900
2017-01-27,16.910000,16.969999,16.530001,16.570000,16.570000,11860600
2017-01-30,16.570000,17.100000,16.410000,16.940001,16.940001,18287900
2017-01-31,16.950001,17.740000,16.910000,17.620001,17.620001,25869200
2017-02-01,17.840000,17.920000,17.100000,17.240000,17.240000,21208100
2017-02-02,17.330000,17.860001,17.120001,17.780001,17.780001,19415600
2017-02-03,17.719999,17.850000,17.440001,17.610001,17.610001,14431300
2017-02-06,17.700001,17.969999,17.410000,17.930000,17.930000,13226700
2017-02-07,18.000000,18.670000,17.990000,18.260000,18.260000,26834800
2017-02-08,18.770000,18.770000,18.049999,18.719999,18.719999,37419100
2017-02-09,18.719999,18.719999,16.260000,16.410000,16.410000,109299300
2017-02-10,15.960000,16.000000,15.500000,15.580000,15.580000,73061200
2017-02-13,15.630000,15.990000,15.510000,15.810000,15.810000,29143700
2017-02-14,15.920000,16.600000,15.850000,16.520000,16.520000,35090700
2017-02-15,16.850000,16.889999,16.299999,16.740000,16.740000,35204800
2017-02-16,16.690001,16.790001,16.320000,16.350000,16.350000,21636200
2017-02-17,16.360001,16.629999,16.360001,16.620001,16.620001,14378200
2017-02-21,16.639999,16.690001,16.299999,16.420000,16.420000,16026800
2017-02-22,16.400000,16.510000,16.010000,16.080000,16.080000,13606200
2017-02-23,16.120001,16.270000,15.900000,16.030001,16.030001,15304500
2017-02-24,15.950000,15.990000,15.850000,15.980000,15.980000,9139800
2017-02-27,15.930000,16.129999,15.720000,16.059999,16.059999,13645500
2017-02-28,16.000000,16.040001,15.740000,15.770000,15.770000,10874200
2017-03-01,15.870000,15.900000,15.590000,15.790000,15.790000,18165300
2017-03-02,15.770000,16.000000,15.720000,15.790000,15.790000,12401100
2017-03-03,15.840000,16.100000,15.680000,15.750000,15.750000,15194500
2017-03-06,15.750000,15.780000,15.500000,15.560000,15.560000,11464000
2017-03-07,15.520000,15.730000,15.160000,15.180000,15.180000,16718600
2017-03-08,15.190000,15.360000,15.080000,15.240000,15.240000,12657100
2017-03-09,15.240000,15.390000,15.030000,15.220000,15.220000,10963500
2017-03-10,15.230000,15.270000,14.940000,15.120000,15.120000,13703000
2017-03-13,15.100000,15.270000,15.100000,15.210000,15.210000,8727500
2017-03-14,15.200000,15.580000,15.150000,15.320000,15.320000,15046500
2017-03-15,15.250000,15.300000,14.850000,15.030000,15.030000,19381800
2017-03-16,15.080000,15.280000,15.040000,15.190000,15.190000,11665900
2017-03-17,15.200000,15.230000,15.030000,15.080000,15.080000,10989800
2017-03-20,15.110000,15.110000,14.820000,15.090000,15.090000,12501900
2017-03-21,15.080000,15.100000,14.500000,14.540000,14.540000,19099000
2017-03-22,14.500000,14.990000,14.320000,14.980000,14.980000,21050300
2017-03-23,14.990000,15.050000,14.730000,14.930000,14.930000,11631900
2017-03-24,15.060000,15.370000,15.030000,15.140000,15.140000,15549200
2017-03-27,15.020000,15.060000,14.750000,14.990000,14.990000,10461300
2017-03-28,15.000000,15.170000,14.800000,14.940000,14.940000,14839700
2017-03-29,14.860000,15.060000,14.700000,15.040000,15.040000,11080000
2017-03-30,15.050000,15.080000,14.900000,14.920000,14.920000,8446400
2017-03-31,14.930000,15.060000,14.910000,14.950000,14.950000,8402600
2017-04-03,14.970000,14.980000,14.650000,14.840000,14.840000,11604900
2017-04-04,14.750000,14.760000,14.580000,14.690000,14.690000,8936100
2017-04-05,14.610000,14.820000,14.410000,14.530000,14.530000,13823700
2017-04-06,14.530000,14.620000,14.300000,14.390000,14.390000,18106700
2017-04-07,14.360000,14.430000,14.250000,14.290000,14.290000,8267400
2017-04-10,14.300000,14.460000,14.200000,14.360000,14.360000,10005900
2017-04-11,14.300000,14.400000,14.200000,14.310000,14.310000,7608800
2017-04-12,14.340000,14.780000,14.260000,14.420000,14.420000,12916400
2017-04-13,14.490000,14.500000,14.220000,14.300000,14.300000,10554100
2017-04-17,14.300000,14.550000,14.120000,14.400000,14.400000,10402700
2017-04-18,14.370000,14.560000,14.270000,14.440000,14.440000,9701900
2017-04-19,14.440000,14.790000,14.440000,14.540000,14.540000,14268100
2017-04-20,14.580000,14.750000,14.510000,14.650000,14.650000,9557300
2017-04-21,14.650000,14.750000,14.410000,14.630000,14.630000,13788600
2017-04-24,14.700000,14.820000,14.560000,14.710000,14.710000,12779200
2017-04-25,14.710000,14.960000,14.630000,14.660000,14.660000,20508000
2017-04-26,15.900000,16.480000,15.760000,15.820000,15.820000,79309100
2017-04-27,15.800000,16.629999,15.800000,16.610001,16.610001,41158100
2017-04-28,16.500000,16.790001,16.430000,16.480000,16.480000,26563900
2017-05-01,17.139999,17.650000,16.969999,17.540001,17.540001,47458300
2017-05-02,17.570000,18.530001,17.350000,18.240000,18.240000,64567800
2017-05-03,18.370001,18.600000,18.150000,18.570000,18.570000,29810300
2017-05-04,18.600000,18.889999,18.360001,18.480000,18.480000,24615100
2017-05-05,18.450001,18.730000,18.370001,18.690001,18.690001,15064300
2017-05-08,18.680000,18.680000,18.160000,18.309999,18.309999,18963300
2017-05-09,18.309999,18.490000,18.200001,18.370001,18.370001,12509700
2017-05-10,18.370001,18.559999,18.250000,18.540001,18.540001,9993900
2017-05-11,18.629999,18.750000,18.309999,18.389999,18.389999,12475400
2017-05-12,18.450001,19.049999,18.340000,18.610001,18.610001,22044000
2017-05-15,18.690001,19.320000,18.629999,19.230000,19.230000,22617500
2017-05-16,19.379999,19.790001,19.090000,19.490000,19.490000,35728100
2017-05-17,18.990000,19.250000,18.219999,18.280001,18.280001,30110500
2017-05-18,18.170000,18.610001,17.969999,18.510000,18.510000,19889000
2017-05-19,18.680000,18.900000,18.270000,18.350000,18.350000,16157800
2017-05-22,18.350000,18.520000,18.270000,18.430000,18.430000,11378300
2017-05-23,18.410000,18.510000,17.980000,18.150000,18.150000,16838500
2017-05-24,18.100000,18.340000,17.830000,17.980000,17.980000,15459900
2017-05-25,18.040001,18.270000,17.940001,17.950001,17.950001,9577600
2017-05-26,17.990000,18.299999,17.950001,18.230000,18.230000,10459400
2017-05-30,18.209999,18.719999,18.180000,18.430000,18.430000,18190700
2017-05-31,18.480000,18.600000,18.080000,18.320000,18.320000,17417200
2017-06-01,18.219999,18.660000,18.200001,18.530001,18.530001,13178600
2017-06-02,18.530001,18.580000,18.219999,18.309999,18.309999,9383100
2017-06-05,18.290001,18.340000,18.020000,18.230000,18.230000,10576500
2017-06-06,18.100000,18.150000,17.469999,17.570000,17.570000,22811800
2017-06-07,17.620001,17.750000,17.299999,17.440001,17.440001,15866200
2017-06-08,17.440001,17.610001,17.270000,17.590000,17.590000,10550500
2017-06-09,17.650000,17.660000,16.450001,16.900000,16.900000,21306200
2017-06-12,16.730000,17.040001,16.270000,17.040001,17.040001,20518300
2017-06-13,17.120001,17.219999,16.760000,16.969999,16.969999,13224900
2017-06-14,17.049999,17.129999,16.570000,16.760000,16.760000,12660500
2017-06-15,16.530001,16.889999,16.459999,16.830000,16.830000,11890500
2017-06-16,16.750000,16.809999,16.549999,16.670000,16.670000,9939400
2017-06-19,16.770000,17.080000,16.750000,17.059999,17.059999,11318900
2017-06-20,17.150000,17.150000,16.840000,16.910000,16.910000,8524600
2017-06-21,17.110001,18.040001,17.110001,17.780001,17.780001,23734800
2017-06-22,17.850000,18.379999,17.660000,18.150000,18.150000,20734500
2017-06-23,18.150000,18.629999,18.150000,18.500000,18.500000,24821400
2017-06-26,18.549999,19.010000,18.110001,18.290001,18.290001,17421400
2017-06-27,18.430000,18.600000,18.120001,18.120001,18.120001,14748900
2017-06-28,18.219999,18.240000,17.750000,17.950001,17.950001,17396100
2017-06-29,17.930000,17.940001,17.230000,17.650000,17.650000,18796500
2017-06-30,17.660000,18.080000,17.469999,17.870001,17.870001,13427000
2017-07-03,17.940001,18.010000,17.410000,17.650000,17.650000,9040400
2017-07-05,17.680000,17.959999,17.420000,17.820000,17.820000,8816000
2017-07-06,17.650000,18.580000,17.629999,17.920000,17.920000,18661100
2017-07-07,18.000000,18.340000,17.969999,18.020000,18.020000,13433900
2017-07-10,18.049999,18.150000,17.770000,18.080000,18.080000,8606700
2017-07-11,18.139999,18.660000,18.100000,18.639999,18.639999,18110900
2017-07-12,18.920000,19.540001,18.910000,19.250000,19.250000,30008100
2017-07-13,19.540001,19.670000,19.080000,19.320000,19.320000,17517400
2017-07-14,19.350000,19.969999,19.330000,19.639999,19.639999,20835500
2017-07-17,19.799999,20.240000,19.730000,19.940001,19.940001,24152800
2017-07-18,19.760000,19.990000,19.410000,19.980000,19.980000,15554500
2017-07-19,20.030001,20.209999,19.830000,20.120001,20.120001,13469800
2017-07-20,20.180000,20.879999,20.180000,20.530001,20.530001,24792700
2017-07-21,20.350000,20.360001,20.000000,20.110001,20.110001,15302900
2017-07-24,20.280001,20.620001,19.820000,20.000000,20.000000,17200900
2017-07-25,19.980000,20.180000,19.690001,19.969999,19.969999,13591600
2017-07-26,20.000000,20.020000,19.270000,19.610001,19.610001,24298900
2017-07-27,17.360001,17.600000,16.500000,16.840000,16.840000,86681700
2017-07-28,16.660000,17.200001,16.520000,16.750000,16.750000,26217600
2017-07-31,16.600000,16.620001,16.000000,16.090000,16.090000,35946100
2017-08-01,16.200001,16.320000,15.910000,16.209999,16.209999,21618200
2017-08-02,16.209999,16.290001,15.950000,16.070000,16.070000,13278700
2017-08-03,16.070000,16.420000,16.049999,16.180000,16.180000,15101600
2017-08-04,16.200001,16.430000,16.129999,16.290001,16.290001,15084800
2017-08-07,16.379999,16.420000,16.240000,16.400000,16.400000,9142300
2017-08-08,16.330000,16.480000,16.049999,16.150000,16.150000,12128300
2017-08-09,16.040001,16.160000,15.960000,16.139999,16.139999,7763700
2017-08-10,16.030001,16.180000,15.730000,15.750000,15.750000,11909200
2017-08-11,15.670000,16.059999,15.670000,15.920000,15.920000,8442500
2017-08-14,16.150000,16.280001,16.010000,16.090000,16.090000,9887000
2017-08-15,16.120001,16.219999,15.930000,15.950000,15.950000,5948100
2017-08-16,15.970000,16.360001,15.960000,16.160000,16.160000,15923100
2017-08-17,16.150000,16.290001,15.860000,15.870000,15.870000,9219000
2017-08-18,15.850000,16.070000,15.770000,15.990000,15.990000,7808400
2017-08-21,16.000000,16.250000,15.930000,16.110001,16.110001,12076600
2017-08-22,16.139999,16.650000,16.139999,16.629999,16.629999,11051600
2017-08-23,16.459999,17.049999,16.440001,16.959999,16.959999,15184700
2017-08-24,17.070000,17.070000,16.780001,16.889999,16.889999,10386600
2017-08-25,16.650000,16.820000,16.510000,16.650000,16.650000,11496800
2017-08-28,16.610001,16.879999,16.610001,16.770000,16.770000,7778800
2017-08-29,16.610001,17.059999,16.600000,16.930000,16.930000,11444400
2017-08-30,16.920000,17.040001,16.799999,16.930000,16.930000,6624600
2017-08-31,16.990000,17.100000,16.879999,16.910000,16.910000,7860200
2017-09-01,16.969999,17.000000,16.580000,16.860001,16.860001,8515200
2017-09-05,16.820000,16.900000,16.440001,16.650000,16.650000,10503800
2017-09-06,16.650000,17.049999,16.520000,16.830000,16.830000,12335500
2017-09-07,16.850000,17.410000,16.830000,17.219999,17.219999,14659900
2017-09-08,17.190001,17.459999,17.080000,17.450001,17.450001,11608200
2017-09-11,17.469999,17.780001,17.270000,17.660000,17.660000,14002000
2017-09-12,17.700001,18.290001,17.700001,18.170000,18.170000,19795400
2017-09-13,18.150000,18.490000,18.090000,18.200001,18.200001,13710700
2017-09-14,18.150000,18.270000,17.940001,18.209999,18.209999,9304100
2017-09-15,18.250000,18.400000,17.950001,18.010000,18.010000,12649400
2017-09-18,18.010000,18.090000,17.469999,17.600000,17.600000,14710700
2017-09-19,17.660000,17.799999,17.480000,17.760000,17.760000,7090700
2017-09-20,17.799999,17.840000,17.510000,17.620001,17.620001,7724700
2017-09-21,17.600000,17.650000,17.350000,17.580000,17.580000,6952100
2017-09-22,17.490000,17.629999,17.420000,17.610001,17.610001,5551500
2017-09-25,17.600000,17.719999,16.820000,16.980000,16.980000,13251700
2017-09-26,17.030001,17.160000,16.570000,16.590000,16.590000,12933200
2017-09-27,16.900000,17.049999,16.760000,16.950001,16.950001,9071300
2017-09-28,16.870001,16.930000,16.750000,16.850000,16.850000,7037200
2017-09-29,16.889999,17.040001,16.750000,16.870001,16.870001,9384600
2017-10-02,16.799999,17.150000,16.780001,17.090000,17.090000,8460300
2017-10-03,17.129999,17.629999,17.120001,17.590000,17.590000,13043700
2017-10-04,17.820000,17.820000,17.500000,17.750000,17.750000,17353800
2017-10-05,17.799999,18.290001,17.740000,18.250000,18.250000,21249600
2017-10-06,18.030001,18.129999,17.660000,17.850000,17.850000,16419000
2017-10-09,17.820000,18.049999,17.650000,17.670000,17.670000,8814400
2017-10-10,17.770000,17.930000,17.389999,17.410000,17.410000,10186100
2017-10-11,17.469999,17.780001,17.430000,17.730000,17.730000,9990900
2017-10-12,17.770000,18.660000,17.730000,18.450001,18.450001,30723700
2017-10-13,18.450001,18.790001,18.350000,18.629999,18.629999,15809900
2017-10-16,18.590000,18.610001,18.230000,18.330000,18.330000,13009300
2017-10-17,18.309999,18.469999,18.110001,18.280001,18.280001,8935400
2017-10-18,18.230000,18.350000,17.969999,18.020000,18.020000,7772000
2017-10-19,17.840000,17.950001,17.650000,17.889999,17.889999,9281300
2017-10-20,17.980000,18.059999,17.830000,17.870001,17.870001,7257700
2017-10-23,17.940001,17.950001,17.340000,17.370001,17.370001,14017700
2017-10-24,17.500000,17.600000,17.230000,17.250000,17.250000,12550400
2017-10-25,17.200001,17.410000,17.030001,17.139999,17.139999,19766500
2017-10-26,19.219999,20.629999,18.900000,20.309999,20.309999,112277600
2017-10-27,20.180000,21.959999,20.150000,21.680000,21.680000,63611100
2017-10-30,21.400000,21.780001,21.059999,21.250000,21.250000,34019400
2017-10-31,21.260000,21.559999,20.459999,20.620001,20.620001,28049200
2017-11-01,20.740000,20.990000,20.400000,20.610001,20.610001,18828800
2017-11-02,20.500000,20.629999,19.639999,19.709999,19.709999,24475100
2017-11-03,19.870001,20.240000,19.520000,19.900000,19.900000,22259600
2017-11-06,19.780001,19.850000,19.260000,19.389999,19.389999,25599300
2017-11-07,19.549999,20.180000,19.510000,19.660000,19.660000,22238300
2017-11-08,19.700001,19.980000,19.370001,19.590000,19.590000,16291300
2017-11-09,19.400000,20.240000,19.360001,19.900000,19.900000,20271000
2017-11-10,19.790001,20.580000,19.740000,20.320000,20.320000,16293300
2017-11-13,20.160000,20.309999,19.930000,20.170000,20.170000,11804900
2017-11-14,20.170000,20.450001,19.879999,20.049999,20.049999,11920100
2017-11-15,19.820000,20.330000,19.730000,19.910000,19.910000,11191100
2017-11-16,20.059999,20.490000,19.990000,20.360001,20.360001,12967800
2017-11-17,20.260000,20.790001,20.250000,20.760000,20.760000,12847000
2017-11-20,20.780001,21.260000,20.700001,21.129999,21.129999,16819900
2017-11-21,21.200001,21.910000,21.150000,21.879999,21.879999,18339800
2017-11-22,21.900000,22.400000,21.799999,22.270000,22.270000,21161800
2017-11-24,22.400000,22.480000,22.170000,22.420000,22.420000,7584000
2017-11-27,22.360001,22.400000,21.700001,21.820000,21.820000,19671400
2017-11-28,21.850000,22.150000,21.559999,21.830000,21.830000,13845600
2017-11-29,21.820000,22.110001,20.520000,20.790001,20.790001,23684000
2017-11-30,21.010000,21.120001,20.510000,20.580000,20.580000,15823200
2017-12-01,20.520000,20.980000,20.120001,20.709999,20.709999,15270800
2017-12-04,20.850000,20.940001,20.230000,20.400000,20.400000,11639800
2017-12-05,20.299999,20.930000,20.299999,20.770000,20.770000,10645300
2017-12-06,20.520000,21.400000,20.400000,21.090000,21.090000,14023500
2017-12-07,21.059999,21.450001,20.969999,21.010000,21.010000,11856400
2017-12-08,21.150000,21.400000,20.950001,21.100000,21.100000,14870500
2017-12-11,21.100000,22.200001,21.100000,22.049999,22.049999,17244400
2017-12-12,21.770000,22.250000,21.629999,21.650000,21.650000,14296800
2017-12-13,21.770000,21.980000,21.520000,21.660000,21.660000,17283600
2017-12-14,21.790001,23.240000,21.620001,22.580000,22.580000,34074300
2017-12-15,22.610001,22.860001,22.190001,22.230000,22.230000,17957600
2017-12-18,23.230000,24.740000,23.129999,24.680000,24.680000,48965900
2017-12-19,24.610001,25.490000,23.920000,25.080000,25.080000,46040800
2017-12-20,25.440001,25.440001,24.690001,25.200001,25.200001,20687700
2017-12-21,25.059999,25.559999,24.700001,25.049999,25.049999,19597700
2017-12-22,25.030001,25.270000,24.379999,24.459999,24.459999,16112900
2017-12-26,24.260000,24.570000,24.129999,24.260000,24.260000,10123100
2017-12-27,24.260000,24.540001,24.070000,24.230000,24.230000,9118100
2017-12-28,24.250000,24.600000,24.170000,24.309999,24.309999,9774700
2017-12-29,24.270000,24.330000,23.910000,24.010000,24.010000,10393700
2018-01-02,24.070000,24.570000,23.850000,24.510000,24.510000,15297200
2018-01-03,24.559999,24.680000,24.070000,24.450001,24.450001,12832600
2018-01-04,24.500000,24.590000,23.690001,23.990000,23.990000,17653500
2018-01-05,24.070000,24.570000,23.879999,24.320000,24.320000,14953200
2018-01-08,24.370001,24.780001,23.879999,24.590000,24.590000,17831300
2018-01-09,24.629999,24.709999,24.070000,24.170000,24.170000,12587100
2018-01-10,24.000000,24.420000,23.760000,24.250000,24.250000,10420700
2018-01-11,24.299999,24.370001,23.900000,24.350000,24.350000,11670400
2018-01-12,24.940001,25.850000,24.930000,25.410000,25.410000,37046100
2018-01-16,25.580000,25.709999,24.510000,24.660000,24.660000,32340700
2018-01-17,24.840000,24.950001,24.219999,24.559999,24.559999,17026700
2018-01-18,24.500000,24.520000,23.719999,24.040001,24.040001,21118500
2018-01-19,24.120001,24.219999,23.500000,23.660000,23.660000,17529700
2018-01-22,23.170000,23.500000,22.860001,23.320000,23.320000,23010600
2018-01-23,22.510000,23.170000,22.410000,22.750000,22.750000,35321200
2018-01-24,22.840000,23.049999,22.100000,22.370001,22.370001,23186500
2018-01-25,22.500000,22.680000,22.040001,22.160000,22.160000,15501700
2018-01-26,22.389999,24.350000,22.299999,24.270000,24.270000,49683900
2018-01-29,24.400000,25.549999,24.100000,25.180000,25.180000,52739600
2018-01-30,24.830000,26.400000,24.549999,25.620001,25.620001,52388100
2018-01-31,25.610001,26.650000,25.139999,25.809999,25.809999,40451900
2018-02-01,25.520000,27.330000,25.440001,27.139999,27.139999,47582600
2018-02-02,26.559999,27.030001,25.700001,25.920000,25.920000,32492100
2018-02-05,25.370001,26.639999,24.100000,25.129999,25.129999,33918400
2018-02-06,24.590000,25.580000,24.200001,25.240000,25.240000,26646500
2018-02-07,25.830000,27.080000,25.760000,26.910000,26.910000,48909300
2018-02-08,34.150002,35.000000,29.709999,30.180000,30.180000,162434400
2018-02-09,30.370001,31.809999,29.680000,31.510000,31.510000,67181200
2018-02-12,31.440001,31.900000,30.860001,30.950001,30.950001,37001000
2018-02-13,30.670000,33.650002,30.639999,33.439999,33.439999,57653000
2018-02-14,32.849998,33.980000,32.549999,33.750000,33.750000,39339200
2018-02-15,34.029999,34.380001,33.060001,33.610001,33.610001,32020500
2018-02-16,33.369999,33.500000,32.680000,33.060001,33.060001,27627000
2018-02-20,32.880001,33.570000,32.680000,32.840000,32.840000,22766700
2018-02-21,33.029999,34.060001,32.650002,33.380001,33.380001,29589300
2018-02-22,33.430000,33.450001,31.629999,32.110001,32.110001,29184100
2018-02-23,32.200001,32.689999,31.969999,32.660000,32.660000,17283400
2018-02-26,32.700001,32.700001,31.959999,32.160000,32.160000,15766300
2018-02-27,31.910000,32.209999,31.260000,31.320000,31.320000,16544000
2018-02-28,31.500000,32.849998,31.469999,31.860001,31.860001,24180100
2018-03-01,31.950001,32.560001,31.260000,32.240002,32.240002,25032500
2018-03-02,31.930000,33.029999,31.490000,33.000000,33.000000,24918900
2018-03-05,32.900002,34.950001,32.580002,34.580002,34.580002,34840000
2018-03-06,34.580002,34.950001,33.860001,34.430000,34.430000,22641000
2018-03-07,33.990002,35.820000,33.990002,35.759998,35.759998,33656100
2018-03-08,35.419998,35.840000,34.680000,34.849998,34.849998,24845300
2018-03-09,35.200001,35.500000,34.939999,35.349998,35.349998,19119500
2018-03-12,35.529999,35.730000,34.830002,35.500000,35.500000,21078900
2018-03-13,35.400002,35.529999,33.900002,34.110001,34.110001,22096900
2018-03-14,34.299999,36.799999,34.090000,36.599998,36.599998,41632800
2018-03-15,36.410000,36.480000,35.400002,35.799999,35.799999,20921800
2018-03-16,36.000000,36.200001,35.520000,35.580002,35.580002,13833800
2018-03-19,35.130001,35.740002,34.410000,34.980000,34.980000,22194800
2018-03-20,34.919998,34.950001,30.610001,31.350000,31.350000,82937600
2018-03-21,32.189999,33.150002,32.049999,32.730000,32.730000,43672100
2018-03-22,31.770000,32.130001,31.180000,31.200001,31.200001,29561900
2018-03-23,31.260000,32.000000,30.790001,31.030001,31.030001,24878100
2018-03-26,31.690001,32.470001,30.700001,31.910000,31.910000,25546300
2018-03-27,31.850000,31.900000,27.879999,28.070000,28.070000,80415500
2018-03-28,27.780001,29.110001,27.389999,28.450001,28.450001,47853600
2018-03-29,28.760000,29.330000,27.900000,29.010000,29.010000,36828400
2018-04-02,28.370001,28.770000,27.750000,28.040001,28.040001,24353100
2018-04-03,28.360001,28.870001,27.219999,27.540001,27.540001,26071700
2018-04-04,26.850000,28.340000,26.600000,28.250000,28.250000,22002000
2018-04-05,28.510000,29.330000,28.100000,28.639999,28.639999,24407300
2018-04-06,28.280001,29.059999,27.969999,28.100000,28.100000,15318000
2018-04-09,28.100000,28.790001,28.000000,28.010000,28.010000,13973200
2018-04-10,28.360001,30.299999,28.280001,29.530001,29.530001,28667400
2018-04-11,29.459999,29.830000,28.730000,29.389999,29.389999,25287900
2018-04-12,29.889999,29.900000,28.780001,29.000000,29.000000,17327000
2018-04-13,29.240000,29.459999,28.430000,28.760000,28.760000,12712600
2018-04-16,28.850000,28.950001,28.360001,28.580000,28.580000,11505300
2018-04-17,29.450001,32.060001,29.430000,31.840000,31.840000,46696000
2018-04-18,31.670000,32.060001,31.070000,31.540001,31.540001,25140000
2018-04-19,31.370001,32.279999,30.959999,31.540001,31.540001,22640100
2018-04-20,32.650002,33.119999,31.650000,31.910000,31.910000,34819700
2018-04-23,32.509998,32.619999,30.850000,31.219999,31.219999,29411000
2018-04-24,31.180000,31.639999,29.629999,30.469999,30.469999,41265300
2018-04-25,31.350000,32.000000,28.139999,29.750000,29.750000,93090400
2018-04-26,30.350000,31.420000,30.120001,30.270000,30.270000,43784200
2018-04-27,30.170000,30.320000,28.590000,29.000000,29.000000,37420100
2018-04-30,28.620001,30.750000,28.430000,30.309999,30.309999,41760200
2018-05-01,30.209999,31.059999,29.600000,30.299999,30.299999,30679200
2018-05-02,30.000000,31.219999,29.950001,30.549999,30.549999,22481700
2018-05-03,30.209999,31.020000,29.969999,30.670000,30.670000,19813500
2018-05-04,30.219999,31.360001,29.850000,31.040001,31.040001,21035200
2018-05-07,31.059999,31.840000,30.879999,31.330000,31.330000,18517500
2018-05-08,31.200001,32.090000,31.030001,31.850000,31.850000,19581200
2018-05-09,32.070000,32.790001,31.940001,32.459999,32.459999,20726500
2018-05-10,32.709999,33.779999,32.580002,32.869999,32.869999,20723500
2018-05-11,32.939999,33.099998,32.250000,32.750000,32.750000,14482600
2018-05-14,33.070000,33.580002,32.930000,33.389999,33.389999,18007000
2018-05-15,33.169998,33.169998,32.360001,32.750000,32.750000,15840800
2018-05-16,32.750000,33.220001,32.669998,32.770000,32.770000,10868700
2018-05-17,32.779999,33.020000,32.279999,32.580002,32.580002,10760200
2018-05-18,32.549999,32.970001,32.209999,32.630001,32.630001,10618900
2018-05-21,33.020000,34.029999,32.900002,33.630001,33.630001,21328400
2018-05-22,33.779999,33.810001,32.830002,32.860001,32.860001,15003200
2018-05-23,32.700001,33.430000,32.599998,33.419998,33.419998,13442700
2018-05-24,33.439999,33.759998,33.119999,33.520000,33.520000,14491900
2018-05-25,33.540001,33.990002,33.310001,33.630001,33.630001,10424400
2018-05-29,33.419998,34.830002,33.349998,34.040001,34.040001,22086700
2018-05-30,34.200001,34.660000,34.080002,34.360001,34.360001,14588200
2018-05-31,34.389999,34.970001,34.250000,34.700001,34.700001,14433200
2018-06-01,35.139999,36.689999,35.090000,36.650002,36.650002,29583100
2018-06-04,36.450001,37.980000,35.950001,37.880001,37.880001,32632800
2018-06-05,39.529999,40.160000,39.189999,39.799999,39.799999,66122200
2018-06-06,39.419998,40.230000,39.209999,40.099998,40.099998,147805700
2018-06-07,40.139999,40.160000,38.639999,39.700001,39.700001,41573400
2018-06-08,39.490002,41.259998,39.419998,41.209999,41.209999,34538900
2018-06-11,41.419998,41.689999,40.660000,41.419998,41.419998,24605300
2018-06-12,42.470001,44.330002,42.410000,43.490002,43.490002,51155000
2018-06-13,44.240002,44.549999,43.419998,44.070000,44.070000,35169200
2018-06-14,44.549999,46.799999,44.500000,46.759998,46.759998,50949100
2018-06-15,46.619999,47.790001,45.639999,45.799999,45.799999,51489600
2018-06-18,45.340000,46.259998,44.500000,46.000000,46.000000,26025600
2018-06-19,45.189999,45.709999,43.570000,44.950001,44.950001,39252000
2018-06-20,45.560001,46.919998,45.439999,46.130001,46.130001,31230200
2018-06-21,46.360001,46.869999,44.200001,45.240002,45.240002,32200300
2018-06-22,45.580002,46.009998,44.500000,45.880001,45.880001,28628900
2018-06-25,45.470001,45.520000,43.330002,44.169998,44.169998,31379300
2018-06-26,44.360001,45.320000,43.509998,44.840000,44.840000,20194100
2018-06-27,45.500000,46.220001,43.680000,43.700001,43.700001,25875500
2018-06-28,43.650002,44.840000,42.490002,44.790001,44.790001,18911200
2018-06-29,45.049999,45.200001,43.560001,43.669998,43.669998,24392900
2018-07-02,43.060001,45.000000,42.750000,44.980000,44.980000,16703600
2018-07-03,45.360001,45.480000,43.799999,43.889999,43.889999,14237500
2018-07-05,44.070000,45.110001,43.549999,45.060001,45.060001,16172000
2018-07-06,44.910000,46.750000,44.610001,46.650002,46.650002,23740700
2018-07-09,46.740002,46.900002,42.080002,44.139999,44.139999,107582400
2018-07-10,44.200001,45.259998,43.630001,43.750000,43.750000,38467400
2018-07-11,42.630001,44.099998,42.220001,43.869999,43.869999,35100100
2018-07-12,44.799999,45.340000,44.360001,45.259998,45.259998,27078500
2018-07-13,45.279999,45.320000,43.930000,44.490002,44.490002,16426700
2018-07-16,44.299999,44.730000,43.910000,44.259998,44.259998,13012800
2018-07-17,43.590000,45.259998,43.150002,44.709999,44.709999,20122300
2018-07-18,44.189999,44.750000,42.740002,43.340000,43.340000,26536800
2018-07-19,43.270000,43.869999,43.110001,43.439999,43.439999,13366800
2018-07-20,43.500000,44.130001,43.230000,43.419998,43.419998,10437700
2018-07-23,43.450001,43.849998,42.400002,43.310001,43.310001,15251200
2018-07-24,43.770000,43.799999,41.590000,42.169998,42.169998,22433900
2018-07-25,42.349998,44.389999,42.349998,44.220001,44.220001,25140700
2018-07-26,42.869999,43.410000,42.139999,42.939999,42.939999,30018700
2018-07-27,37.250000,37.470001,33.900002,34.119999,34.119999,122752800
2018-07-30,34.169998,34.259998,31.070000,31.379999,31.379999,77852400
2018-07-31,31.950001,32.480000,31.070000,31.870001,31.870001,64392200
2018-08-01,32.250000,32.590000,31.459999,31.910000,31.910000,33231700
2018-08-02,31.580000,32.869999,31.340000,32.820000,32.820000,27088000
2018-08-03,32.580002,32.990002,31.799999,31.959999,31.959999,26317000
2018-08-06,31.820000,33.040001,31.450001,32.980000,32.980000,27512400
2018-08-07,33.099998,33.610001,32.549999,32.669998,32.669998,24635600
2018-08-08,32.750000,32.779999,31.809999,31.840000,31.840000,22539400
2018-08-09,31.850000,32.380001,31.610001,31.959999,31.959999,17662100
2018-08-10,31.650000,32.250000,31.469999,32.009998,32.009998,16073900
2018-08-13,32.040001,33.619999,32.020000,32.799999,32.799999,44235300
2018-08-14,33.400002,33.430000,32.520000,33.189999,33.189999,26442600
2018-08-15,32.810001,33.230000,31.950001,32.380001,32.380001,26433400
2018-08-16,32.700001,33.150002,32.419998,32.830002,32.830002,20873200
2018-08-17,32.740002,33.090000,32.340000,32.730000,32.730000,14874600
2018-08-20,32.790001,32.939999,32.200001,32.599998,32.599998,16535700
2018-08-21,32.750000,34.139999,32.599998,33.689999,33.689999,29575700
2018-08-22,33.450001,34.169998,33.349998,33.810001,33.810001,18576300
2018-08-23,33.900002,34.740002,33.720001,33.880001,33.880001,25746300
2018-08-24,34.000000,34.490002,33.930000,34.279999,34.279999,15214000
2018-08-27,34.660000,36.000000,34.480000,35.889999,35.889999,28306300
2018-08-28,35.980000,36.040001,34.889999,35.490002,35.490002,22281600
2018-08-29,35.410000,35.599998,34.810001,35.349998,35.349998,17697200
2018-08-30,35.270000,36.150002,35.209999,35.639999,35.639999,19217200
2018-08-31,35.570000,35.720001,34.590000,35.180000,35.180000,19073900
2018-09-04,34.750000,35.130001,34.480000,34.840000,34.840000,13567600
2018-09-05,34.650002,34.700001,32.509998,32.730000,32.730000,36051100
2018-09-06,32.860001,32.950001,30.620001,30.809999,30.809999,36023600
2018-09-07,30.309999,31.389999,29.820000,30.490000,30.490000,31484200
2018-09-10,30.500000,30.600000,29.950001,30.540001,30.540001,17805800
2018-09-11,30.440001,31.440001,30.350000,30.889999,30.889999,16000100
2018-09-12,30.610001,30.830000,29.250000,29.750000,29.750000,29845200
2018-09-13,30.100000,30.570000,29.860001,30.389999,30.389999,18522500
2018-09-14,30.450001,30.770000,30.059999,30.120001,30.120001,13474700
2018-09-17,29.049999,29.280001,28.430000,28.860001,28.860001,30592300
2018-09-18,28.840000,29.629999,28.750000,29.219999,29.219999,15856800
2018-09-19,29.150000,29.559999,28.820000,29.520000,29.520000,16023500
2018-09-20,29.700001,30.020000,29.240000,29.850000,29.850000,15378000
2018-09-21,29.860001,29.950001,28.490000,28.500000,28.500000,43122600
2018-09-24,28.330000,29.120001,27.930000,28.600000,28.600000,20249000
2018-09-25,28.750000,29.240000,28.440001,29.110001,29.110001,16130300
2018-09-26,29.200001,29.450001,28.799999,29.010000,29.010000,12742100
2018-09-27,29.059999,29.690001,28.879999,29.420000,29.420000,14830500
2018-09-28,29.250000,29.280001,28.410000,28.459999,28.459999,22719600
2018-10-01,28.510000,28.700001,28.000000,28.309999,28.309999,20538900
2018-10-02,28.139999,28.620001,27.910000,28.190001,28.190001,17714400
2018-10-03,28.379999,29.120001,28.250000,29.010000,29.010000,19358700
2018-10-04,28.750000,28.760000,27.870001,28.230000,28.230000,21120400
2018-10-05,28.340000,28.959999,27.969999,28.389999,28.389999,28996100
2018-10-08,28.209999,28.940001,27.719999,28.450001,28.450001,22114400
2018-10-09,28.700001,29.570000,28.340000,29.270000,29.270000,22749300
2018-10-10,29.120001,29.120001,26.760000,26.790001,26.790001,40399400
2018-10-11,26.350000,27.580000,26.190001,27.000000,27.000000,33065300
2018-10-12,28.090000,28.170000,27.260000,27.990000,27.990000,27127500
2018-10-15,27.850000,29.049999,27.590000,28.610001,28.610001,20225200
2018-10-16,29.100000,29.889999,28.840000,29.870001,29.870001,18443000
2018-10-17,29.950001,30.139999,28.959999,29.549999,29.549999,19379400
2018-10-18,29.400000,30.240000,28.980000,29.290001,29.290001,24174300
2018-10-19,29.330000,29.790001,28.680000,28.830000,28.830000,20112900
2018-10-22,29.049999,29.280001,28.309999,29.180000,29.180000,21719400
2018-10-23,28.480000,29.020000,28.070000,28.770000,28.770000,26503600
2018-10-24,28.850000,29.770000,27.309999,27.540001,27.540001,37910200
2018-10-25,31.320000,33.669998,30.760000,31.799999,31.799999,79251000
2018-10-26,31.200001,33.139999,30.940001,32.360001,32.360001,47747000
2018-10-29,32.459999,33.750000,31.620001,32.389999,32.389999,40899900
2018-10-30,31.770000,34.549999,31.299999,33.860001,33.860001,43678200
2018-10-31,34.369999,35.639999,34.349998,34.750000,34.750000,33063700
2018-11-01,34.599998,34.910000,33.820000,34.619999,34.619999,27498000
2018-11-02,34.869999,35.349998,33.849998,34.299999,34.299999,23994800
2018-11-05,34.259998,34.279999,33.369999,34.020000,34.020000,18214300
2018-11-06,33.959999,34.810001,33.840000,34.419998,34.419998,15508300
2018-11-07,34.750000,35.119999,34.380001,34.990002,34.990002,16802100
2018-11-08,34.880001,34.990002,33.869999,34.180000,34.180000,15146400
2018-11-09,33.750000,34.419998,33.389999,34.080002,34.080002,16034700
2018-11-12,34.000000,34.099998,31.780001,32.009998,32.009998,18147500
2018-11-13,32.240002,32.849998,31.469999,32.490002,32.490002,17206300
2018-11-14,32.889999,33.849998,32.750000,32.910000,32.910000,19448700
2018-11-15,32.790001,33.360001,32.619999,33.150002,33.150002,16824800
2018-11-16,32.830002,33.919998,32.599998,33.669998,33.669998,17904100
2018-11-19,33.560001,33.599998,31.840000,31.980000,31.980000,15745000
2018-11-20,29.969999,31.740000,29.940001,31.059999,31.059999,20927600
2018-11-21,31.670000,32.080002,31.100000,31.610001,31.610001,16466900
2018-11-23,31.299999,31.959999,31.110001,31.120001,31.120001,5813900
2018-11-26,31.600000,32.869999,31.520000,32.820000,32.820000,17096000
2018-11-27,32.439999,33.099998,32.360001,32.610001,32.610001,10727400
2018-11-28,33.000000,33.000000,31.719999,32.730000,32.730000,19073300
2018-11-29,32.459999,32.540001,29.870001,31.299999,31.299999,50505700
2018-11-30,31.150000,31.549999,30.110001,31.450001,31.450001,25833200
2018-12-03,32.240002,33.849998,32.209999,33.660000,33.660000,24027100
2018-12-04,33.279999,34.160000,32.500000,32.560001,32.560001,22472000
2018-12-06,32.459999,32.970001,31.110001,32.959999,32.959999,25922800
2018-12-07,32.840000,34.369999,32.669998,32.830002,32.830002,29497100
2018-12-10,32.730000,33.639999,32.259998,33.430000,33.430000,19971100
2018-12-11,34.130001,35.750000,33.880001,34.450001,34.450001,30118600
2018-12-12,34.970001,37.139999,34.849998,36.250000,36.250000,32608500
2018-12-13,36.400002,36.490002,35.299999,35.889999,35.889999,22831600
2018-12-14,35.250000,36.619999,35.049999,35.869999,35.869999,19528500
2018-12-17,35.680000,35.700001,33.200001,33.430000,33.430000,23880900
2018-12-18,33.630001,34.169998,33.080002,33.740002,33.740002,18885100
2018-12-19,33.709999,34.700001,32.660000,32.930000,32.930000,24784300
2018-12-20,32.590000,32.720001,28.510000,29.290001,29.290001,51983000
2018-12-21,29.309999,29.760000,27.040001,27.309999,27.309999,38714100
2018-12-24,26.549999,27.270000,26.260000,26.450001,26.450001,18208300
2018-12-26,27.000000,28.700001,26.799999,28.660000,28.660000,35529600
2018-12-27,28.139999,28.920000,27.260000,28.680000,28.680000,31987700
2018-12-28,28.930000,29.139999,27.840000,28.430000,28.430000,21820500
2018-12-31,28.600000,29.129999,28.340000,28.740000,28.740000,15975000
2019-01-02,28.260000,28.990000,27.870001,28.809999,28.809999,15053700
2019-01-03,28.379999,29.180000,27.940001,27.990000,27.990000,19051700
2019-01-04,28.389999,30.100000,28.309999,29.950001,29.950001,23412600
2019-01-07,30.200001,31.379999,29.770000,31.340000,31.340000,19917800
2019-01-08,31.700001,32.049999,30.910000,31.799999,31.799999,18915200
2019-01-09,31.799999,32.400002,31.540001,32.250000,32.250000,14554400
2019-01-10,33.080002,33.500000,32.259998,33.090000,33.090000,30504500
2019-01-11,32.849998,33.200001,32.430000,32.869999,32.869999,17732300
2019-01-14,32.380001,32.750000,32.119999,32.369999,32.369999,9523000
2019-01-15,32.509998,33.349998,32.450001,33.020000,33.020000,13548200
2019-01-16,33.099998,33.299999,32.439999,32.470001,32.470001,10130200
2019-01-17,32.470001,33.090000,32.389999,32.849998,32.849998,12059700
2019-01-18,33.049999,33.889999,32.770000,33.270000,33.270000,16776800
2019-01-22,32.970001,33.349998,31.930000,32.250000,32.250000,17780800
2019-01-23,32.259998,32.450001,30.719999,30.969999,30.969999,21084400
2019-01-24,30.940001,31.730000,30.910000,31.610001,31.610001,12470400
2019-01-25,31.990000,33.619999,31.980000,32.900002,32.900002,22513700
2019-01-28,32.650002,33.200001,32.119999,33.130001,33.130001,21750800
2019-01-29,33.330002,33.549999,31.459999,31.639999,31.639999,18849800
2019-01-30,32.040001,32.380001,31.420000,32.259998,32.259998,17142500
2019-01-31,33.070000,33.689999,32.790001,33.560001,33.560001,21211300
2019-02-01,33.560001,34.090000,32.959999,33.189999,33.189999,18816600
2019-02-04,33.340000,34.180000,33.240002,33.939999,33.939999,14244100
2019-02-05,34.290001,34.570000,33.919998,34.369999,34.369999,17610200
2019-02-06,35.049999,35.250000,33.750000,34.160000,34.160000,34058000
2019-02-07,31.170000,31.730000,30.309999,30.799999,30.799999,69764100
2019-02-08,30.469999,30.740000,29.420000,30.010000,30.010000,40669800
2019-02-11,30.170000,30.440001,29.660000,30.230000,30.230000,28838200
2019-02-12,30.440001,30.799999,30.230000,30.389999,30.389999,20315300
2019-02-13,30.570000,31.840000,30.549999,31.120001,31.120001,29683300
2019-02-14,30.860001,31.280001,30.600000,30.959999,30.959999,15321100
2019-02-15,31.200001,31.799999,30.969999,31.230000,31.230000,17591500
2019-02-19,31.230000,32.110001,31.150000,31.650000,31.650000,14391700
2019-02-20,31.709999,31.930000,31.209999,31.370001,31.370001,16871100
2019-02-21,31.360001,31.480000,30.600000,30.760000,30.760000,13944900
2019-02-22,30.809999,31.730000,30.809999,31.709999,31.709999,15413400
2019-02-25,31.990000,32.709999,31.879999,31.990000,31.990000,15061300
2019-02-26,31.889999,31.959999,30.990000,31.010000,31.010000,17519100
2019-02-27,30.950001,31.000000,29.900000,30.410000,30.410000,24639100
2019-02-28,30.250000,30.790001,30.010000,30.780001,30.780001,15242900
2019-03-01,31.170000,31.190001,30.280001,30.620001,30.620001,12360700
2019-03-04,30.780001,31.260000,30.070000,30.500000,30.500000,15920400
2019-03-05,30.500000,31.230000,30.389999,31.030001,31.030001,13073500
2019-03-06,30.940001,31.340000,30.590000,30.799999,30.799999,10938600
2019-03-07,30.760000,30.840000,30.010000,30.120001,30.120001,15779900
2019-03-08,29.639999,30.209999,29.410000,30.040001,30.040001,11964300
2019-03-11,30.240000,30.910000,30.240000,30.870001,30.870001,16013200
2019-03-12,31.150000,31.410000,30.889999,31.160000,31.160000,12324300
2019-03-13,31.309999,31.480000,31.040001,31.299999,31.299999,10201300
2019-03-14,31.280001,31.549999,30.940001,31.030001,31.030001,12090600
2019-03-15,31.040001,31.410000,30.709999,31.219999,31.219999,17522700
2019-03-18,31.250000,31.580000,30.840000,31.080000,31.080000,13172600
2019-03-19,31.150000,31.500000,30.879999,31.270000,31.270000,15557400
2019-03-20,31.240000,32.650002,31.160000,32.570000,32.570000,22373800
2019-03-21,32.310001,32.689999,32.029999,32.610001,32.610001,13346900
2019-03-22,32.500000,34.209999,32.340000,33.020000,33.020000,28034700
2019-03-25,32.830002,33.299999,32.279999,32.590000,32.590000,15272300
2019-03-26,32.980000,33.860001,32.919998,33.060001,33.060001,17252300
2019-03-27,32.930000,33.450001,31.950001,32.279999,32.279999,13669400
2019-03-28,32.290001,32.930000,31.730000,32.869999,32.869999,17750600
2019-03-29,33.099998,33.240002,32.470001,32.880001,32.880001,13529300
2019-04-01,33.160000,33.680000,32.700001,33.439999,33.439999,12499700
2019-04-02,33.439999,33.889999,33.230000,33.750000,33.750000,11638000
2019-04-03,34.000000,34.759998,33.810001,34.380001,34.380001,18041000
2019-04-04,34.700001,35.139999,33.900002,34.419998,34.419998,14604100
2019-04-05,34.549999,34.799999,34.369999,34.720001,34.720001,9571700
2019-04-08,34.790001,35.060001,34.509998,34.860001,34.860001,10655000
2019-04-09,34.840000,35.389999,34.810001,35.139999,35.139999,13889700
2019-04-10,35.259998,35.270000,34.509998,34.750000,34.750000,11648800
2019-04-11,34.750000,34.869999,34.410000,34.580002,34.580002,10982700
2019-04-12,34.669998,34.830002,34.110001,34.369999,34.369999,12713800
2019-04-15,34.380001,35.029999,34.340000,34.709999,34.709999,10248400
2019-04-16,34.840000,34.990002,34.230000,34.459999,34.459999,9396300
2019-04-17,34.730000,34.900002,34.200001,34.480000,34.480000,9023000
2019-04-18,34.669998,34.860001,34.320000,34.400002,34.400002,9806100
2019-04-22,34.400002,34.619999,33.820000,34.389999,34.389999,19704300
2019-04-23,36.930000,40.529999,36.910000,39.770000,39.770000,104262500
2019-04-24,39.860001,39.950001,38.799999,39.290001,39.290001,30266900
2019-04-25,39.259998,40.130001,38.189999,38.480000,38.480000,26044800
2019-04-26,38.590000,39.340000,38.180000,38.669998,38.669998,15270500
2019-04-29,38.630001,39.970001,38.630001,39.779999,39.779999,19680000
2019-04-30,39.790001,40.919998,39.650002,39.910000,39.910000,22912000
2019-05-01,40.000000,40.070000,39.259998,39.290001,39.290001,14962600
2019-05-02,39.240002,40.000000,38.840000,39.950001,39.950001,13419100
2019-05-03,40.480000,40.820000,39.959999,40.799999,40.799999,15577100
2019-05-06,39.689999,40.439999,39.450001,40.230000,40.230000,14517400
2019-05-07,39.900002,40.150002,38.119999,38.619999,38.619999,19283100
2019-05-08,38.450001,39.150002,38.330002,38.580002,38.580002,9168400
2019-05-09,38.110001,39.020000,37.820000,38.790001,38.790001,10010700
2019-05-10,38.680000,39.160000,37.860001,38.450001,38.450001,12259000
2019-05-13,37.500000,37.639999,36.369999,36.590000,36.590000,16829700
2019-05-14,37.040001,37.520000,36.599998,36.930000,36.930000,11125100
2019-05-15,36.669998,38.139999,36.639999,37.900002,37.900002,11523100
2019-05-16,38.110001,38.720001,38.049999,38.299999,38.299999,10104400
2019-05-17,37.830002,38.130001,37.470001,37.500000,37.500000,9090300
2019-05-20,37.119999,37.730000,36.919998,37.150002,37.150002,9411900
2019-05-21,37.470001,37.860001,37.330002,37.470001,37.470001,8861400
2019-05-22,37.410000,39.320000,37.240002,38.580002,38.580002,21105400
2019-05-23,38.150002,38.290001,36.799999,37.189999,37.189999,18398800
2019-05-24,37.470001,37.849998,37.270000,37.410000,37.410000,9303900
2019-05-28,37.410000,38.040001,37.230000,37.290001,37.290001,11770300
2019-05-29,37.020000,37.400002,36.520000,36.849998,36.849998,12270300
2019-05-30,37.000000,37.290001,36.599998,37.139999,37.139999,7413100
2019-05-31,36.619999,36.959999,36.299999,36.439999,36.439999,8556100
2019-06-03,36.450001,36.900002,34.040001,34.430000,34.430000,22217100
2019-06-04,35.180000,36.150002,34.970001,36.099998,36.099998,15357100
2019-06-05,36.500000,36.709999,35.950001,36.330002,36.330002,12798700
2019-06-06,36.259998,36.750000,35.959999,36.590000,36.590000,8863000
2019-06-07,36.869999,38.310001,36.799999,37.930000,37.930000,15399700
2019-06-10,38.349998,38.639999,37.619999,37.639999,37.639999,10036400
2019-06-11,38.090000,38.259998,36.849998,37.209999,37.209999,9528600
2019-06-12,37.130001,37.619999,37.049999,37.490002,37.490002,6793300
2019-06-13,37.040001,37.040001,35.759998,36.340000,36.340000,21679400
2019-06-14,36.360001,36.490002,36.040001,36.150002,36.150002,7791100
2019-06-17,36.259998,36.680000,36.110001,36.439999,36.439999,7896000
2019-06-18,36.709999,37.509998,36.549999,36.650002,36.650002,12705500
2019-06-19,36.630001,36.680000,35.810001,36.290001,36.290001,12059700
2019-06-20,36.349998,36.650002,35.330002,35.439999,35.439999,19676100
2019-06-21,35.500000,35.750000,34.990002,35.020000,35.020000,12853600
2019-06-24,35.189999,35.669998,34.820000,35.580002,35.580002,9216800
2019-06-25,35.520000,35.730000,34.570000,34.720001,34.720001,11196400
2019-06-26,34.980000,35.380001,34.919998,35.220001,35.220001,8744800
2019-06-27,35.439999,35.639999,34.610001,34.750000,34.750000,12655900
2019-06-28,34.750000,34.990002,34.279999,34.900002,34.900002,15505300
2019-07-01,35.500000,36.250000,35.220001,36.080002,36.080002,14416800
2019-07-02,36.169998,36.599998,35.889999,36.220001,36.220001,8393200
2019-07-03,36.290001,36.389999,35.939999,36.020000,36.020000,5372600
2019-07-05,36.000000,36.349998,35.599998,36.250000,36.250000,6084800
2019-07-08,36.040001,36.639999,35.869999,36.450001,36.450001,8058100
2019-07-09,36.349998,37.669998,36.290001,37.650002,37.650002,14218000
2019-07-10,37.900002,38.029999,36.880001,37.470001,37.470001,11831800
2019-07-11,37.660000,37.869999,36.970001,37.209999,37.209999,8549500
2019-07-12,37.369999,37.900002,37.169998,37.840000,37.840000,8048700
2019-07-15,38.000000,38.970001,37.939999,38.680000,38.680000,12738700
2019-07-16,38.779999,38.790001,37.820000,37.990002,37.990002,10979600
2019-07-17,37.860001,38.230000,37.560001,37.700001,37.700001,7926600
2019-07-18,37.389999,37.799999,37.000000,37.660000,37.660000,11125900
2019-07-19,37.959999,38.090000,36.730000,36.770000,36.770000,10842400
2019-07-22,36.919998,37.689999,36.830002,37.580002,37.580002,8405600
2019-07-23,37.869999,38.020000,36.820000,37.900002,37.900002,10741500
2019-07-24,38.000000,38.799999,37.759998,38.730000,38.730000,12488500
2019-07-25,39.000000,39.230000,37.910000,38.119999,38.119999,21255400
2019-07-26,40.070000,42.330002,40.000000,41.520000,41.520000,57527600
2019-07-29,41.500000,42.220001,40.900002,41.500000,41.500000,21170600
2019-07-30,41.080002,41.720001,40.820000,41.000000,41.000000,15670600
2019-07-31,41.080002,43.240002,41.009998,42.310001,42.310001,29745300
2019-08-01,42.540001,43.480000,41.720001,42.080002,42.080002,22883600
2019-08-02,41.820000,43.040001,41.590000,42.849998,42.849998,20617200
2019-08-05,41.580002,42.000000,39.619999,40.369999,40.369999,23081000
2019-08-06,40.919998,41.639999,40.779999,41.320000,41.320000,15077900
2019-08-07,40.509998,41.900002,40.330002,41.730000,41.730000,15427600
2019-08-08,42.110001,42.349998,41.360001,42.070000,42.070000,14684600
2019-08-09,41.779999,41.970001,40.939999,41.529999,41.529999,11419600
2019-08-12,41.099998,41.480000,40.389999,40.480000,40.480000,6934500
2019-08-13,40.410000,41.860001,40.380001,41.810001,41.810001,12429900
2019-08-14,41.029999,41.250000,40.389999,40.650002,40.650002,11638700
2019-08-15,40.900002,41.049999,39.779999,40.090000,40.090000,12583100
2019-08-16,40.299999,40.650002,40.110001,40.580002,40.580002,7998800
2019-08-19,41.099998,41.880001,41.049999,41.700001,41.700001,10276500
2019-08-20,41.639999,42.849998,41.380001,42.290001,42.290001,11356700
2019-08-21,42.830002,43.279999,42.360001,42.799999,42.799999,12018600
2019-08-22,42.849998,43.080002,41.590000,42.180000,42.180000,8277000
2019-08-23,41.820000,42.689999,40.810001,41.000000,41.000000,14036200
2019-08-26,41.400002,41.480000,41.000000,41.439999,41.439999,6403600
2019-08-27,42.009998,42.689999,41.529999,42.139999,42.139999,16087500
2019-08-28,41.750000,42.200001,41.299999,41.680000,41.680000,10418400
2019-08-29,42.250000,42.650002,41.820000,42.490002,42.490002,10594400
2019-08-30,42.700001,42.700001,41.900002,42.650002,42.650002,8863600
2019-09-03,42.380001,43.770000,41.639999,41.959999,41.959999,16159600
2019-09-04,42.490002,43.400002,42.110001,43.360001,43.360001,11567900
2019-09-05,43.779999,45.330002,43.619999,45.299999,45.299999,19319800
2019-09-06,45.220001,45.680000,44.560001,45.419998,45.419998,13108500
2019-09-09,45.599998,45.860001,43.840000,44.259998,44.259998,14547400
2019-09-10,43.900002,43.950001,42.509998,43.250000,43.250000,14040100
2019-09-11,43.549999,43.779999,43.049999,43.250000,43.250000,7861200
2019-09-12,43.759998,44.110001,43.110001,43.200001,43.200001,8251700
2019-09-13,43.150002,43.200001,42.330002,42.630001,42.630001,8059600
2019-09-16,42.400002,43.070000,42.189999,42.759998,42.759998,6187900
2019-09-17,42.900002,43.590000,42.880001,43.240002,43.240002,8654400
2019-09-18,43.209999,43.410000,42.389999,43.240002,43.240002,7845100
2019-09-19,43.189999,43.580002,42.680000,42.930000,42.930000,7372600
2019-09-20,43.160000,43.840000,42.939999,43.230000,43.230000,19372900
2019-09-23,43.290001,44.090000,42.849998,43.380001,43.380001,9992400
2019-09-24,43.709999,43.750000,41.060001,41.419998,41.419998,16120700
2019-09-25,41.509998,42.779999,41.180000,42.500000,42.500000,9731600
2019-09-26,42.380001,42.490002,41.720001,42.439999,42.439999,5951400
2019-09-27,42.500000,42.669998,40.610001,41.349998,41.349998,11933700
2019-09-30,41.459999,41.480000,40.820000,41.200001,41.200001,7541400
2019-10-01,41.320000,41.570000,40.029999,40.250000,40.250000,9278800
2019-10-02,40.119999,40.119999,39.250000,39.700001,39.700001,9306300
2019-10-03,39.590000,40.160000,38.610001,40.000000,40.000000,13421400
2019-10-04,40.360001,40.590000,39.830002,40.360001,40.360001,6283700
2019-10-07,40.240002,40.869999,40.060001,40.799999,40.799999,6563700
2019-10-08,40.410000,40.480000,39.669998,39.700001,39.700001,7304300
2019-10-09,39.990002,40.099998,39.220001,39.500000,39.500000,8021300
2019-10-10,39.340000,39.889999,39.259998,39.540001,39.540001,6718000
2019-10-11,39.889999,40.700001,39.810001,40.360001,40.360001,9198900
2019-10-14,40.320000,40.470001,39.470001,39.779999,39.779999,6393600
2019-10-15,39.560001,40.400002,39.349998,40.279999,40.279999,7676700
2019-10-16,40.009998,40.459999,39.599998,39.910000,39.910000,8324900
2019-10-17,40.119999,40.150002,39.410000,39.610001,39.610001,7147100
2019-10-18,39.689999,39.910000,38.270000,38.990002,38.990002,12582900
2019-10-21,39.349998,40.290001,39.310001,40.090000,40.090000,9351100
2019-10-22,40.480000,40.480000,38.779999,38.810001,38.810001,12817700
2019-10-23,38.990002,39.450001,37.759998,38.830002,38.830002,20276200
2019-10-24,31.860001,32.389999,30.510000,30.750000,30.750000,105112500
2019-10-25,30.870001,31.040001,29.920000,30.299999,30.299999,43837200
2019-10-28,30.500000,30.660000,29.750000,30.059999,30.059999,29893900
2019-10-29,30.000000,30.360001,29.820000,29.850000,29.850000,20674800
2019-10-30,30.150000,30.170000,29.719999,29.860001,29.860001,25518700
2019-10-31,29.469999,29.980000,28.840000,29.969999,29.969999,36865100
2019-11-01,29.959999,30.260000,29.410000,29.620001,29.620001,22716700
2019-11-04,29.770000,30.150000,29.610001,30.049999,30.049999,20340200
2019-11-05,30.190001,30.360001,29.709999,29.809999,29.809999,16645900
2019-11-06,29.850000,29.900000,29.400000,29.540001,29.540001,15313800
2019-11-07,29.000000,29.590000,28.629999,29.049999,29.049999,22740600
2019-11-08,29.160000,29.430000,29.049999,29.209999,29.209999,10619500
2019-11-11,29.129999,29.350000,28.920000,29.340000,29.340000,9675000
2019-11-12,29.360001,29.500000,28.930000,29.049999,29.049999,15144200
2019-11-13,29.040001,29.299999,28.930000,29.080000,29.080000,9217700
2019-11-14,29.160000,29.370001,28.730000,28.889999,28.889999,13684600
2019-11-15,29.049999,29.430000,28.910000,29.250000,29.250000,12163300
2019-11-18,29.240000,29.740000,29.010000,29.490000,29.490000,14493100
2019-11-19,29.620001,29.670000,29.180000,29.440001,29.440001,9950900
2019-11-20,29.299999,29.480000,28.879999,29.170000,29.170000,14280400
2019-11-21,29.200001,30.490000,29.150000,29.790001,29.790001,24304400
2019-11-22,29.870001,30.170000,29.580000,30.030001,30.030001,14188300
2019-11-25,30.129999,30.570000,30.049999,30.540001,30.540001,14035700
2019-11-26,30.570000,30.990000,30.400000,30.959999,30.959999,16323900
2019-11-27,31.000000,31.360001,30.930000,31.170000,31.170000,14151900
2019-11-29,31.110001,31.139999,30.780001,30.910000,30.910000,7814500
2019-12-02,30.910000,30.950001,29.969999,30.420000,30.420000,14524700
2019-12-03,29.940001,30.010000,29.480000,29.969999,29.969999,16399500
2019-12-04,30.180000,30.330000,29.910000,30.000000,30.000000,9765000
2019-12-05,30.080000,30.360001,29.920000,30.040001,30.040001,11060800
2019-12-06,30.350000,30.469999,29.980000,30.190001,30.190001,10869700
2019-12-09,30.120001,30.750000,30.120001,30.209999,30.209999,9955100
2019-12-10,30.230000,30.260000,29.770000,29.840000,29.840000,12362400
2019-12-11,29.950001,30.600000,29.860001,30.549999,30.549999,11006200
2019-12-12,30.469999,30.590000,29.930000,30.299999,30.299999,18912600
2019-12-13,30.240000,30.610001,30.240000,30.389999,30.389999,12836700
2019-12-16,30.520000,31.280001,30.410000,30.969999,30.969999,15852100
2019-12-17,31.070000,31.209999,30.629999,30.700001,30.700001,11906500
2019-12-18,30.690001,31.910000,30.629999,31.680000,31.680000,19030900
2019-12-19,31.750000,32.419998,31.610001,32.029999,32.029999,19880000
2019-12-20,32.119999,32.250000,31.540001,32.130001,32.130001,21854600
2019-12-23,32.130001,32.799999,31.990000,32.430000,32.430000,13983300
2019-12-24,32.439999,32.709999,32.419998,32.500000,32.500000,4290500
2019-12-26,32.590000,32.889999,32.419998,32.630001,32.630001,9797300
2019-12-27,32.750000,32.840000,32.220001,32.549999,32.549999,10409400
2019-12-30,32.490002,32.500000,31.820000,32.029999,32.029999,9391200
2019-12-31,31.860001,32.320000,31.770000,32.049999,32.049999,11050600
2020-01-02,32.310001,32.500000,31.959999,32.299999,32.299999,10721100
2020-01-03,31.709999,32.099998,31.260000,31.520000,31.520000,14429500
2020-01-06,31.230000,31.709999,31.160000,31.639999,31.639999,12582500
2020-01-07,31.799999,32.700001,31.719999,32.540001,32.540001,13712900
2020-01-08,32.349998,33.400002,32.349998,33.049999,33.049999,14632400
2020-01-09,33.529999,33.540001,33.000000,33.220001,33.220001,10865500
2020-01-10,32.860001,33.009998,32.459999,32.779999,32.779999,11148900
2020-01-13,32.970001,33.070000,32.490002,32.689999,32.689999,11001300
2020-01-14,32.689999,33.119999,32.639999,32.820000,32.820000,9814200
2020-01-15,32.990002,33.509998,32.950001,33.230000,33.230000,11262300
2020-01-16,33.500000,34.270000,33.029999,34.189999,34.189999,19919900
2020-01-17,33.820000,34.389999,33.580002,34.220001,34.220001,19303500
2020-01-21,34.080002,34.389999,33.869999,34.090000,34.090000,17055600
2020-01-22,34.290001,34.540001,33.959999,34.020000,34.020000,12851800
2020-01-23,33.990002,34.360001,33.720001,33.889999,33.889999,14887200
2020-01-24,34.110001,34.110001,32.970001,33.189999,33.189999,12336600
2020-01-27,32.310001,32.930000,32.150002,32.779999,32.779999,11800800
2020-01-28,33.060001,33.660000,32.849998,33.419998,33.419998,9739400
2020-01-29,33.590000,33.880001,33.290001,33.630001,33.630001,7563700
2020-01-30,32.860001,33.230000,32.389999,33.220001,33.220001,12083800
2020-01-31,33.110001,33.139999,32.080002,32.480000,32.480000,12033100
2020-02-03,32.560001,33.240002,32.450001,33.070000,33.070000,14196200
2020-02-04,33.750000,34.119999,33.400002,33.959999,33.959999,14598200
2020-02-05,34.000000,34.160000,33.189999,33.389999,33.389999,20468200
2020-02-06,36.529999,39.639999,36.419998,38.410000,38.410000,87659700
2020-02-07,37.630001,38.150002,36.840000,37.029999,37.029999,31135100
2020-02-10,36.630001,36.849998,35.650002,35.959999,35.959999,34860300
2020-02-11,36.119999,36.279999,35.529999,35.650002,35.650002,14464700
2020-02-12,36.189999,37.020000,36.169998,36.790001,36.790001,20716400
2020-02-13,36.430000,37.320000,36.209999,37.160000,37.160000,19621400
2020-02-14,37.000000,37.349998,36.580002,36.910000,36.910000,12210400
2020-02-18,36.779999,38.070000,36.680000,38.060001,38.060001,16793600
2020-02-19,38.090000,38.910000,37.939999,38.770000,38.770000,19068600
2020-02-20,38.759998,39.060001,37.959999,39.049999,39.049999,17273400
2020-02-21,38.669998,38.759998,38.040001,38.310001,38.310001,15312000
2020-02-24,36.500000,36.590000,35.299999,35.889999,35.889999,25155400
2020-02-25,36.180000,36.450001,34.889999,35.209999,35.209999,19841300
2020-02-26,35.279999,35.820000,34.439999,34.630001,34.630001,18044300
2020-02-27,33.730000,34.200001,32.470001,33.009998,33.009998,27221400
2020-02-28,31.860001,33.369999,31.510000,33.200001,33.200001,33688900
2020-03-02,36.000000,36.860001,35.139999,35.820000,35.820000,39914700
2020-03-03,36.020000,36.480000,34.410000,34.930000,34.930000,22973100
2020-03-04,35.759998,36.000000,34.770000,36.000000,36.000000,14980300
2020-03-05,35.029999,35.730000,34.520000,34.970001,34.970001,14132200
2020-03-06,33.810001,33.990002,32.509998,33.459999,33.459999,20361100
2020-03-09,31.809999,35.360001,30.620001,32.459999,32.459999,41767600
2020-03-10,33.900002,34.779999,33.119999,34.310001,34.310001,27327600
2020-03-11,33.299999,33.459999,30.010000,31.299999,31.299999,27445400
2020-03-12,29.080000,29.690001,26.700001,26.780001,26.780001,32519500
2020-03-13,28.830000,29.410000,26.400000,29.290001,29.290001,29059100
2020-03-16,26.120001,28.350000,23.920000,24.040001,24.040001,28768100
2020-03-17,24.379999,25.840000,23.180000,24.480000,24.480000,28741700
2020-03-18,22.950001,23.490000,20.000000,22.000000,22.000000,31012700
2020-03-19,22.110001,25.170000,20.660000,24.129999,24.129999,29980000
2020-03-20,24.969999,25.860001,23.700001,23.950001,23.950001,28250700
2020-03-23,23.799999,25.250000,23.500000,24.690001,24.690001,21882600
2020-03-24,25.790001,26.459999,24.129999,25.850000,25.850000,32815900
2020-03-25,25.850000,27.459999,24.520000,25.969999,25.969999,25738800
2020-03-26,26.150000,27.030001,25.629999,26.410000,26.410000,20435300
2020-03-27,25.559999,25.830000,24.760000,25.290001,25.290001,22069300
2020-03-30,25.250000,25.940001,24.600000,25.590000,25.590000,20720800
2020-03-31,25.790001,26.330000,24.400000,24.559999,24.559999,24993400
2020-04-01,23.700001,24.389999,23.049999,23.320000,23.320000,20027000
2020-04-02,23.000000,23.580000,22.360001,23.020000,23.020000,17114800
2020-04-03,24.100000,24.320000,22.750000,23.090000,23.090000,25029700
2020-04-06,24.100000,25.049999,23.790001,24.930000,24.930000,26014900
2020-04-07,25.969999,26.860001,25.309999,25.610001,25.610001,25831100
2020-04-08,26.790001,28.459999,25.920000,27.860001,27.860001,31240800
2020-04-09,28.480000,29.049999,27.280001,27.770000,27.770000,22233200
2020-04-13,27.549999,27.620001,26.240000,27.209999,27.209999,15059900
2020-04-14,28.000000,28.410000,27.600000,27.940001,27.940001,13766200
2020-04-15,27.100000,27.639999,26.750000,27.510000,27.510000,15822200
2020-04-16,26.860001,27.170000,25.959999,26.549999,26.549999,21946600
2020-04-17,27.160000,27.920000,26.469999,26.700001,26.700001,21129500
2020-04-20,26.309999,27.530001,26.110001,27.010000,27.010000,16755400
2020-04-21,26.389999,26.719999,25.059999,25.750000,25.750000,28093700
2020-04-22,27.000000,28.500000,26.450001,28.440001,28.440001,28587500
2020-04-23,28.430000,28.840000,27.730000,27.860001,27.860001,19019600
2020-04-24,27.990000,28.840000,27.459999,28.740000,28.740000,15936400
2020-04-27,29.129999,30.389999,29.129999,30.000000,30.000000,22490600
2020-04-28,30.400000,30.450001,28.570000,28.790001,28.790001,23364000
2020-04-29,30.059999,31.500000,29.620001,31.090000,31.090000,29568800
2020-04-30,28.790001,30.570000,28.090000,28.680000,28.680000,68791300
2020-05-01,28.000000,28.450001,27.190001,27.840000,27.840000,28231100
2020-05-04,27.600000,28.420000,27.389999,28.230000,28.230000,17846300
2020-05-05,28.670000,28.730000,27.900000,28.070000,28.070000,19221900
2020-05-06,28.350000,28.420000,27.549999,27.680000,27.680000,15531000
2020-05-07,28.080000,28.780001,27.940001,28.770000,28.770000,16190500
2020-05-08,29.090000,29.969999,28.740000,29.930000,29.930000,19208800
2020-05-11,29.650000,30.080000,29.330000,29.690001,29.690001,13831900
2020-05-12,29.850000,29.930000,29.090000,29.150000,29.150000,13734500
2020-05-13,29.240000,29.680000,27.580000,28.129999,28.129999,19401700
2020-05-14,27.830000,28.580000,27.120001,28.559999,28.559999,12364700
2020-05-15,28.299999,29.250000,28.110001,29.000000,29.000000,15939200
2020-05-18,29.700001,30.290001,29.559999,29.639999,29.639999,15790000
2020-05-19,29.700001,30.350000,29.330000,29.879999,29.879999,17386200
2020-05-20,30.500000,32.349998,30.450001,32.230000,32.230000,26955500
2020-05-21,32.099998,32.610001,31.389999,32.340000,32.340000,22881700
2020-05-22,32.380001,32.770000,31.780001,32.619999,32.619999,13310700
2020-05-26,33.599998,34.270000,33.360001,34.009998,34.009998,20489300
2020-05-27,33.630001,34.000000,32.240002,33.070000,33.070000,24550900
2020-05-28,31.500000,32.680000,31.320000,31.600000,31.600000,37254900
2020-05-29,31.559999,31.610001,30.290001,30.969999,30.969999,39427700
2020-06-01,31.059999,32.099998,30.840000,31.889999,31.889999,14583600
2020-06-02,32.189999,32.419998,31.610001,32.259998,32.259998,15318400
2020-06-03,32.610001,35.040001,32.439999,34.880001,34.880001,28396300
2020-06-04,34.500000,34.939999,33.340000,33.720001,33.720001,20265100
2020-06-05,34.470001,35.970001,34.470001,34.869999,34.869999,23211500
2020-06-08,35.959999,36.939999,35.750000,36.639999,36.639999,20211900
2020-06-09,35.990002,36.200001,35.160000,35.919998,35.919998,17840700
2020-06-10,36.119999,36.439999,34.900002,35.139999,35.139999,17480700
2020-06-11,33.130001,34.450001,32.720001,33.029999,33.029999,23727900
2020-06-12,33.939999,34.169998,32.470001,33.400002,33.400002,14699100
2020-06-15,32.910000,34.189999,32.840000,34.110001,34.110001,19342200
2020-06-16,35.139999,35.459999,34.209999,34.630001,34.630001,20132400
2020-06-17,34.490002,34.820000,34.099998,34.340000,34.340000,12261900
2020-06-18,34.299999,34.450001,33.860001,34.029999,34.029999,10543600
2020-06-19,34.639999,34.950001,33.400002,33.410000,33.410000,19345500
2020-06-22,33.570000,33.639999,32.950001,33.470001,33.470001,12896600
2020-06-23,33.750000,33.799999,32.730000,32.910000,32.910000,20549300
2020-06-24,32.529999,33.060001,31.340000,31.730000,31.730000,16586800
2020-06-25,31.540001,31.610001,30.820000,31.370001,31.370001,17802600
2020-06-26,31.120001,31.320000,28.750000,29.049999,29.049999,56913600
2020-06-29,28.510000,30.040001,28.230000,29.490000,29.490000,27482800
2020-06-30,29.629999,29.820000,29.020000,29.790001,29.790001,20648000
2020-07-01,30.150000,31.170000,30.059999,30.809999,30.809999,20779000
2020-07-02,31.299999,31.400000,30.400000,30.870001,30.870001,14553700
2020-07-06,31.549999,32.810001,31.160000,32.340000,32.340000,22400000
2020-07-07,31.959999,33.669998,31.770000,32.990002,32.990002,27914600